-39.2015402
-38.65549811
-37.66567882
-36.67315968
-35.68332635
-34.71827575
-33.74218576
-32.76457355
-31.804839
-30.83435723
-29.87438072
-28.91804006
-27.97520865
-27.02141983
-26.08384988
-25.14605286
-24.21176559
-23.26302377
-22.36266495
-21.42128351
-20.50621569
-19.59428603
-18.68074312
-17.76840557
-16.85544073
-15.97005421
-15.06475763
-14.17062749
-13.27217475
-12.39190652
-11.52884743
-10.64118069
-9.760962715
-8.897030391
-8.026724912
-7.161756845
-6.326761808
-5.458223029
-4.619763434
-3.772664236
-2.928891054
-2.098141433
-1.250605106
-0.4382374096
0.4115560244
1.227754557
2.050967339
2.85463907
3.67238514
4.464999205
5.266151602
6.058994491
6.860425286
7.651463729
8.440398352
9.20779517
9.99674973
10.77664464
11.54071803
12.30426479
13.07242815
13.82749191
14.58748129
15.32614344
16.07983787
16.82843718
17.56421788
18.29351107
19.02598847
19.7624355
20.47724886
21.20738959
21.91917905
22.62785325
23.34119685
24.03857521
24.73734122
25.43124128
26.12452645
26.81826212
27.50386643
28.18333225
28.85808558
29.5261777
30.17463085
30.85967777
31.52753356
32.16947653
32.82386682
33.48077485
34.11767423
34.76589347
35.38859598
36.01334488
36.65068709
37.27631107
37.90149953
38.51817789
39.12261555
39.73826259
40.34172438
40.94148424
41.54470889
42.13618285
42.71827542
43.28918738
43.87775121
44.45476323
45.03543037
45.60434765
46.17544987
46.7319071
47.28369897
47.84545636
48.39652803
48.9476722
49.49498928
50.01627659
50.5577203
51.0787753
51.61350775
52.13112169
52.65046205
53.16227416
53.67675549
54.165131
54.68861813
55.18715526
55.67407091
56.17347739
56.65350423
57.14097669
57.62165617
58.09782139
58.56372292
59.03143727
59.502965
59.94993732
60.40870057
60.87134665
61.31534731
61.74954881
62.19388252
62.6338697
63.07275541
63.48313602
63.91633477
64.34165939
64.74597295
65.17335448
65.58070345
65.98436482
66.38429433
66.77758956
67.16966211
67.56067579
67.94502777
68.31789217
68.70464309
69.07125019
69.4406044
69.81227369
70.18473181
70.53483523
70.88698612
71.24049729
71.58729824
71.92284147
72.26196566
72.60411272
72.92615198
73.25264179
73.57638425
73.89918147
74.21589156
74.5325627
74.82180589
75.13599471
75.42597329
75.72706287
76.01960107
76.31093676
76.58999481
76.88337144
77.14570475
77.43776615
77.69344644
77.95917949
78.21838029
78.47111275
78.72403655
78.97478372
79.23318748
79.46695492
79.70522802
79.92940369
80.16664259
80.40676549
80.62892683
80.82708089
81.04957037
81.25542286
81.45081106
81.66704953
81.85956275
82.054371
82.25398603
82.43918071
82.62198227
82.80327069
82.98816784
83.1486526
83.32344342
83.49795092
83.6503608
83.81240968
83.95774168
84.10559246
84.24931023
84.39401725
84.53750154
84.66705916
84.79136892
84.92295345
85.04685341
85.15160146
85.28564936
85.38520188
85.48454025
85.61466661
85.68950039
85.80856559
85.88708667
85.98073753
86.06152791
86.14362999
86.23389217
86.30068755
86.3689061
86.44193696
86.50399424
86.55757935
86.61429793
86.64678338
86.70806375
86.73622763
86.79426436
86.82476592
86.87060384
86.88943669
86.90847072
86.93323575
86.94533888
86.96372944
86.97167075
86.98208897
86.98041868
86.97934658
86.98000586
86.97094271
86.95608059
86.93295452
86.9128742
86.89558915
86.85950788
86.84678465
86.79860938
86.76150783
86.72440711
86.67705954
86.63055929
86.5767296
86.51457556
86.45988886
86.38433329
86.33017552
86.25121244
86.16915865
86.1037467
86.00484763
85.93452793
85.83997222
85.75180708
85.6545186
85.54760829
85.46023939
85.34020413
85.21879754
85.12165448
85.00385379
84.89617719
84.74632768
84.62346883
84.49306083
84.34647311
84.20244708
84.07120571
83.92231682
83.76971994
83.62525785
83.45592635
83.29539379
83.12955256
82.96913543
82.78027865
82.62919805
82.44407691
82.26915176
82.07681941
81.88568606
81.69267655
81.50043349
81.29385105
81.09075477
80.89757702
80.67375103
80.46519734
80.23935421
80.01929001
79.80003476
79.58061212
79.33752249
79.11415725
78.87129743
78.62269711
78.37642932
78.14718252
77.87798642
77.63548846
77.37311648
77.09905012
76.84899136
76.57078205
76.29976626
76.02665011
75.74558042
75.4666117
75.17926337
74.88619352
74.59143279
74.30076022
74.00815796
73.70272957
73.40185091
73.09312853
72.77420578
72.45907756
72.13927642
71.82100248
71.51358628
71.16281574
70.82755377
70.50970316
70.16082325
69.81382345
69.48454234
69.13236491
68.7740195
68.42057002
68.06543467
67.69888064
67.33650001
66.97825188
66.59459177
66.22754684
65.84337468
65.46946948
65.09057305
64.6928858
64.32132972
63.92867297
63.52237743
63.13094371
62.72692391
62.31867182
61.92331178
61.49076037
61.09552619
60.66407756
60.25881604
59.8300031
59.40882328
58.97426014
58.54507415
58.10750986
57.67036412
57.22693743
56.7835516
56.33763193
55.88660073
55.43903674
54.97369259
54.5191991
54.05988758
53.5939469
53.12860181
52.65362139
52.18526852
51.69880162
51.21448278
50.73388279
50.25630665
49.76369979
49.27832342
48.7797197
48.29392745
47.78944926
47.28982513
46.78417456
46.28291454
45.77084933
45.26448052
44.7431211
44.22322544
43.69754201
43.1783776
42.65905815
42.1224856
41.60414179
41.05673908
40.53283117
39.98943414
39.45076194
38.9057427
38.3556912
37.81971073
37.2574863
36.70562416
36.13769831
35.58647638
35.01953832
34.45363997
33.8901358
33.3214621
32.74542654
32.17221315
31.59134088
31.01928771
30.43133565
29.85529083
29.27378084
28.69511817
28.10181221
27.50304037
26.90972435
26.30647018
25.70801426
25.10111569
24.49686579
23.90249219
23.28740816
22.68680974
22.06774757
21.45511394
20.83215896
20.21937456
19.60981171
18.98603175
18.35696211
17.72200985
17.10962442
16.47702276
15.83937761
15.21019953
14.56590789
13.93441443
13.29392239
12.66107428
12.00688711
11.37657464
10.72914123
10.08553102
9.434363274
8.791109002
8.135584986
7.486294437
6.828513746
6.167883019
5.521624235
4.857379748
4.188446516
3.538955838
2.879316494
2.226873787
1.567581201
0.905923252
0.2412580797
-0.4273716571
-1.078188814
-1.731114772
-2.400291375
-3.058598043
-3.716089717
-4.368527811
-5.017485443
-5.66749059
-6.307190468
-6.962264853
-7.591764767
-8.213805958
-8.840188954
-9.447242728
-10.03998301
-10.62276103
-11.20786369
-11.77679787
-12.310438
-12.85761494
-13.3802329
-13.88376296
-14.38032693
-14.84005427
-15.31222808
-15.75594845
-16.21380258
-16.63191061
-17.05066943
-17.45722802
-17.87356973
-18.26742727
-18.64385984
-19.03732571
-19.42772895
-19.79220033
-20.17351888
-20.52943935
-20.9027752
-21.26250166
-21.6187382
-21.9637315
-22.3270521
-22.68310815
-23.01243117
-23.36423336
-23.70919097
-24.03955184
-24.39937913
-24.72705483
-25.07170826
-25.40186622
-25.72931379
-26.07390678
-26.38798259
-26.7267644
-27.05238258
-27.39292458
-27.70399729
-28.01592871
-28.34861368
-28.67004665
-28.98931301
-29.30993793
-29.63873707
-29.93947077
-30.26600492
-30.57132324
-30.88102558
-31.20060832
-31.49898866
-31.81624141
-32.1115084
-32.42606453
-32.72979143
-33.04238563
-33.35175741
-33.65797776
-33.9489205
-34.26660285
-34.55279849
-34.84859208
-35.15202597
-35.44609845
-35.74048946
-36.04399391
-36.33757251
-36.63252867
-36.92692725
-37.2296278
-37.51427062
-37.81066108
-38.08890094
-38.37914403
-38.67139837
-38.96179642
-39.25642431
-39.52525628
-39.82368636
-40.1058149
-40.38444332
-40.67481666
-40.95877883
-41.23802234
-41.50984685
-41.78956753
-42.06947797
-42.34983396
-42.62315626
-42.88493044
-43.16649334
-43.4558164
-43.70412075
-43.992171
-44.26257507
-44.53048181
-44.79226078
-45.05826927
-45.33774774
-45.58787322
-45.84964628
-46.11478797
-46.37107789
-46.62169693
-46.8637668
-47.12344067
-47.38611037
-47.62594636
-47.872246
-48.11893178
-48.35016831
-48.58152848
-48.80986144
-49.03777852
-49.26662435
-49.4726909
-49.6783529
-49.87782564
-50.07944231
-50.26563003
-50.44298155
-50.6108185
-50.77026527
-50.9173236
-51.05582451
-51.18143518
-51.30812383
-51.42223278
-51.52252778
-51.60612001
-51.71238482
-51.79015189
-51.84603924
-51.91696555
-51.99415244
-52.0529093
-52.12296892
-52.1477951
-52.20680083
-52.24969372
-52.28362674
-52.33858295
-52.37141267
-52.41188735
-52.43730417
-52.48109683
-52.5084543
-52.54133242
-52.57449841
-52.61640962
-52.65389131
-52.65742447
-52.68430845
-52.72307036
-52.77107045
-52.78704281
-52.81784864
-52.84118216
-52.86946048
-52.90234423
-52.93207858
-52.95479577
-52.98688768
-53.00927098
-53.0377289
-53.06519753
-53.09803442
-53.11634278
-53.14912014
-53.17520251
-53.19783987
-53.23453528
-53.25527873
-53.28658427
-53.30835346
-53.33176365
-53.36555983
-53.38946566
-53.41992782
-53.45250084
-53.48299016
-53.4973191
-53.53013317
-53.55580605
-53.59562669
-53.62669264
-53.63892297
-53.67198208
-53.68702803
-53.70297221
-53.7514252
-53.77421994
-53.80174429
-53.82926648
-53.85125644
-53.8846546
-53.91080067
-53.94311809
-53.95291979
-53.99370421
-54.03027015
-54.05207287
-54.07055231
-54.09579337
-54.12659558
-54.15320697
-54.18362161
-54.21540534
-54.23250949
-54.2523173
-54.29195237
-54.31594295
-54.34317042
-54.35796156
-54.39853984
-54.42179439
-54.45290286
-54.48233636
-54.49932562
-54.53270545
-54.55744499
-54.57727943
-54.60904587
-54.63366715
-54.66118772
-54.68868825
-54.72196291
-54.73524358
-54.76729519
-54.79793121
-54.83005402
-54.84487197
-54.87719549
-54.89956711
-54.92959946
-54.95091635
-54.97866506
-55.0046885
-55.03345554
-55.06193806
-55.09841784
-55.10441654
-55.14867408
-55.16231609
-55.20374313
-55.22583642
-55.23887491
-55.27390501
-55.30162663
-55.33023432
-55.35721985
-55.37939183
-55.40201335
-55.43565811
-55.46339863
-55.48899219
-55.51357799
-55.53707807
-55.56298857
-55.5963744
-55.61935716
-55.64626811
-55.66471502
-55.69884456
-55.7267133
-55.74214765
-55.77442388
-55.79409757
-55.82196765
-55.85802442
-55.87886532
-55.9151478
-55.92929603
-55.9662714
-55.98378982
-56.00978752
-56.02896705
-56.07196134
-56.08199195
-56.12421228
-56.13213603
-56.16780488
-56.21173966
-56.23100409
-56.24997359
-56.28775499
-56.30845533
-56.33092833
-56.35516323
-56.38494016
-56.419698
-56.43533018
-56.44823106
-56.49012522
-56.51295213
-56.54804666
-56.57892426
-56.60331227
-56.63242738
-56.64842752
-56.66965049
-56.70672791
-56.72663895
-56.75684952
-56.7742714
-56.79891052
-56.82919285
-56.85825791
-56.88832048
-56.90890532
-56.93532482
-56.95057525
-56.99215073
-57.00659556
-57.03840908
-57.05982445
-57.08348988
-57.12151216
-57.13165211
-57.16813842
-57.18898476
-57.22023512
-57.24310061
-57.26348676
-57.30414205
-57.32796711
-57.34409085
-57.37860282
-57.40989544
-57.43148937
-57.45800194
-57.47431144
-57.51372209
-57.54777232
-57.57305377
-57.59508702
-57.61532907
-57.64287288
-57.67335193
-57.69486135
-57.72244023
-57.74800297
-57.77746062
-57.80906788
-57.83429085
-57.8673902
-57.88056178
-57.92537354
-57.94329077
-57.96351653
-57.99943069
-58.01858579
-58.0385022
-58.06351404
-58.10703058
-58.12346773
-58.14451505
-58.17225355
-58.2089326
-58.22124629
-58.24901657
-58.28082421
-58.30443781
-58.32654634
-58.36555283
-58.3684657
-58.40281394
-58.43804803
-58.46496936
-58.48300781
-58.51138259
-58.5380439
-58.55495086
-58.57519675
-58.61435187
-58.62901467
-58.65745198
-58.67413302
-58.70763731
-58.72992833
-58.74739297
-58.77239176
-58.80215633
-58.82863228
-58.84061828
-58.87563044
-58.9111662
-58.92633184
-58.95149323
-58.98061175
-58.99002142
-59.03465685
-59.03992941
-59.06179805
-59.09266444
-59.12144066
-59.15014085
-59.15999562
-59.19747394
-59.22027508
-59.2502264
-59.27067765
-59.29832496
-59.3154021
-59.34938379
-59.37081969
-59.3810011
-59.41108044
-59.44000478
-59.46684168
-59.48433052
-59.49847575
-59.52845233
-59.55821287
-59.58333189
-59.60686587
-59.62343755
-59.64116231
-59.66245735
-59.70361503
-59.71420874
-59.74297768
-59.76056214
-59.78370103
-59.81396797
-59.82950245
-59.85011971
-59.88220915
-59.89863654
-59.92734167
-59.95748034
-59.97211556
-59.98830205
-60.023242
-60.04339357
-60.06092547
-60.08267503
-60.10678632
-60.128482
-60.16510235
-60.17033149
-60.20297408
-60.23046609
-60.24715204
-60.25812788
-60.2797839
-60.31526412
-60.32811467
-60.37758347
-60.37887006
-60.40239614
-60.41249774
-60.44839688
-60.47414651
-60.47861768
-60.49400321
-60.52591108
-60.53631524
-60.57487566
-60.57568368
-60.61342076
-60.62513236
-60.64019422
-60.66178989
-60.68225504
-60.70355397
-60.72953836
-60.74807908
-60.75143088
-60.780647
-60.80322647
-60.81874267
-60.8515716
-60.86055246
-60.88021655
-60.89455392
-60.91078286
-60.93014157
-60.94307424
-60.96132857
-60.97501444
-60.98822903
-60.99854539
-61.02619443
-61.03045967
-61.04624696
-61.05878881
-61.07444894
-61.08654792
-61.09387911
-61.10925573
-61.11452896
-61.11218522
-61.12470028
-61.13700713
-61.14623089
-61.16088094
-61.16352832
-61.17545381
-61.17886492
-61.1717685
-61.17399007
-61.18147497
-61.18143547
-61.18230333
-61.17751171
-61.17683981
-61.16545136
-61.15252131
-61.1443303
-61.13422705
-61.10730867
-61.10231205
-61.06634124
-61.04666415
-61.02380468
-60.98975674
-60.95341983
-60.91237974
-60.84872763
-60.82068699
-60.75237112
-60.69839367
-60.62512862
-60.55189999
-60.4832947
-60.39231112
-60.30260132
-60.213267
-60.09793451
-59.99599893
-59.89121055
-59.77297896
-59.64429149
-59.52190581
-59.38993498
-59.25849706
-59.12160051
-58.98184157
-58.83947316
-58.6859469
-58.53990504
-58.38115152
-58.22402746
-58.07613414
-57.91062728
-57.75727624
-57.59181457
-57.43489672
-57.26339891
-57.11935776
-56.95531466
-56.76465451
-56.61358791
-56.4456782
-56.26646399
-56.10551026
-55.94707701
-55.76211841
-55.59171245
-55.41904026
-55.24376027
-55.05998746
-54.89596111
-54.72534572
-54.55702171
-54.37267136
-54.19792123
-54.0287771
-53.85157469
-53.68225458
-53.47799491
-53.31521894
-53.14725032
-52.9632062
-52.76409135
-52.59199961
-52.41851173
-52.23163532
-52.05627597
-51.87514776
-51.69036062
-51.51898843
-51.32591539
-51.14970439
-50.96444313
-50.78705782
-50.60722338
-50.41400436
-50.23021072
-50.05713487
-49.85403576
-49.6662087
-49.48848632
-49.30636816
-49.12621133
-48.93266023
-48.74969217
-48.55002015
-48.37169181
-48.18355401
-48.00708469
-47.80756867
-47.61743195
-47.42952282
-47.24074368
-47.0496739
-46.84798361
-46.6719187
-46.47421666
-46.27729851
-46.11382702
-45.90810977
-45.70745883
-45.5220779
-45.32513557
-45.1304407
-44.94687014
-44.72966841
-44.55046608
-44.34884347
-44.15916798
-43.96573935
-43.75621393
-43.57193991
-43.37005217
-43.16819048
-42.98451793
-42.7597491
-42.57523843
-42.36224397
-42.16698167
-41.97789569
-41.77467808
-41.55880264
-41.35884622
-41.1627311
-40.95016377
-40.75647864
-40.54497375
-40.35499124
-40.14742889
-39.93558946
-39.7428718
-39.5344553
-39.33988285
-39.11192362
-38.92799662
-38.70466238
-38.4952277
-38.29637584
-38.07498197
-37.85491011
-37.65558349
-37.44941685
-37.23499431
-37.02640018
-36.80468408
-36.59461672
-36.38444112
-36.16682399
-35.96472955
-35.73906362
-35.52592234
-35.3052719
-35.08542848
-34.87610029
-34.64897945
-34.42523112
-34.21337328
-33.98470569
-33.76749404
-33.54157681
-33.32170457
-33.08483494
-32.8700189
-32.66149996
-32.42166601
-32.17861814
-31.9559755
-31.72785449
-31.50562111
-31.25854544
-31.02459664
-30.79648918
-30.56052829
-30.33020243
-30.10625267
-29.8356314
-29.61347127
-29.36653692
-29.12083772
-28.88911576
-28.6431715
-28.4097349
-28.14469394
-27.89868512
-27.64429628
-27.40863187
-27.14307567
-26.89028688
-26.63476159
-26.37508099
-26.12708074
-25.85769651
-25.57809864
-25.31200988
-25.05624259
-24.78489213
-24.5276962
-24.25788326
-23.98252977
-23.70207658
-23.4115135
-23.14069718
-22.8696161
-22.57360475
-22.29770848
-22.01406544
-21.72488844
-21.42772625
-21.14623801
-20.84864443
-20.55763382
-20.26793648
-19.95266658
-19.65742925
-19.36993525
-19.06950505
-18.7604682
-18.4565552
-18.15806946
-17.84258842
-17.53196366
-17.23256061
-16.89964373
-16.59365587
-16.28513917
-15.98282448
-15.64807928
-15.34590441
-15.01282197
-14.70887879
-14.38733035
-14.05116629
-13.73877585
-13.427506
-13.09842508
-12.76764751
-12.46084179
-12.11928248
-11.79466189
-11.45879657
-11.13567668
-10.79743394
-10.47949648
-10.14299177
-9.813171894
-9.46142886
-9.146686141
-8.807189797
-8.470251208
-8.133812927
-7.800885745
-7.458286137
-7.119289671
-6.788136726
-6.436246653
-6.081315659
-5.742703399
-5.418134986
-5.063097658
-4.72347272
-4.389814897
-4.032094632
-3.695167437
-3.338818055
-2.99402169
-2.633971344
-2.301854538
-1.946785658
-1.598924997
-1.238351459
-0.8826472129
-0.533861165
-0.1777568686
0.1671874924
0.5317600041
0.8785100756
1.235101824
1.605642886
1.959060988
2.31336813
2.683448493
3.051440187
3.402061896
3.7712832
4.13807731
4.491388221
4.863096461
5.237171479
5.60656247
5.976383163
6.340851264
6.701401181
7.079990543
7.4573181
7.823961145
8.200551058
8.576699401
8.954253867
9.322530878
9.716966368
10.08882338
10.47581222
10.8606516
11.24496832
11.62935356
12.00221199
12.40000978
12.78923044
13.1691581
13.56391893
13.97466368
14.35722421
14.75224044
15.13868527
15.53088843
15.93562166
16.34490917
16.74977852
17.16381908
17.54548357
17.96037522
18.38058487
18.78096614
19.19412126
19.62563999
20.03670142
20.45686544
20.8671996
21.30964065
21.73300382
22.15463883
22.57510295
23.02856425
23.45317171
23.89799921
24.33289924
24.77620284
25.21602079
25.67919392
26.12776176
26.58656399
27.05390048
27.50993297
27.97979023
28.44929968
28.91777325
29.3890405
29.86842355
30.35512344
30.84134035
31.32730937
31.81539885
32.32575696
32.82326587
33.31989945
33.81352438
34.32812636
34.84196971
35.34956809
35.86422158
36.38202459
36.91019521
37.41224009
37.94546239
38.46670724
39.00197943
39.51905577
40.02163466
40.57233829
41.10056395
41.62732659
42.14486615
42.68481128
43.20644156
43.75543968
44.27321047
44.80905179
45.33001673
45.87776977
46.40335229
46.93707042
47.46193093
48.0057381
48.52028888
49.05927769
49.58835086
50.11205181
50.63728127
51.16155557
51.70230453
52.22194043
52.75328793
53.26597386
53.79752833
54.30559129
54.82417357
55.3386377
55.86308667
56.38121285
56.89358876
57.40624538
57.91920812
58.43383635
58.93912152
59.4525715
59.93505791
60.44773545
60.95984652
61.44889651
61.94513027
62.44701167
62.92569417
63.41782446
63.90512443
64.40966684
64.9037411
65.3690746
65.85623089
66.33032761
66.80511341
67.27479236
67.74969504
68.22143363
68.67761853
69.15083543
69.59432047
70.06063463
70.5257717
70.97030323
71.42034025
71.85612628
72.30059218
72.7387997
73.17219917
73.60106715
74.03685411
74.45360396
74.88370416
75.29230805
75.72777641
76.12672266
76.52321455
76.92351728
77.3331169
77.7266545
78.10458704
78.49838279
78.89173605
79.24834208
79.61340959
79.98769631
80.34058297
80.69983102
81.06165089
81.40425396
81.73959603
82.0758026
82.40711812
82.72652472
83.03308871
83.35745011
83.66674238
83.95320337
84.25584238
84.53092127
84.80760487
85.07532774
85.33271123
85.60745
85.83772577
86.08117412
86.30574258
86.53284459
86.74990572
86.94571386
87.1417083
87.32486466
87.49970773
87.66845372
87.82644813
87.98570525
88.10096378
88.23102585
88.32485153
88.41560069
88.5274894
88.56665844
88.61849625
88.66153141
88.6776437
88.6887053
88.67304248
88.67574734
88.58323487
88.56307717
88.39218104
88.38662068
88.1090377
88.12446874
87.6724138
87.76291877
87.110858
87.29506973
86.31932629
86.67866204
85.28766677
85.88037604
83.82921802
84.83845825
81.71640475
83.40236255
-218.7247568
81.29426942
