-18.02394183
-17.50836424
-16.52037073
-15.53392726
-14.58664515
-13.61253201
-12.63215612
-11.68185605
-10.73550799
-9.785295593
-8.844906065
-7.917852265
-6.999419617
-6.092015551
-5.197192228
-4.284877398
-3.379390796
-2.506593891
-1.622910729
-0.754719784
0.127629477
0.9876757465
1.84607124
2.696963384
3.552114598
4.367044082
5.211505048
6.028057809
6.840587772
7.641082168
8.452662431
9.248614673
10.03948419
10.83742689
11.6196601
12.38729691
13.14295623
13.90352266
14.65562532
15.41568739
16.13654444
16.88115173
17.59816822
18.31009217
19.04215541
19.73464489
20.4352867
21.16249996
21.82035367
22.51361075
23.18531387
23.86438733
24.50574303
25.17716708
25.80486716
26.46924784
27.08559559
27.725097
28.33232141
28.97085499
29.57549824
30.17609815
30.76336172
31.35503473
31.94179439
32.51328256
33.07926328
33.63500033
34.19509115
34.75898591
35.29076245
35.83816204
36.35779687
36.89583148
37.40681475
37.91516497
38.41299713
38.92247828
39.42922569
39.90133619
40.37016626
40.8404139
41.32174868
41.76838654
42.24173359
42.66822404
43.11890338
43.55473353
43.97931762
44.38777509
44.80510008
45.231062
45.62341339
46.00443654
46.39287072
46.79141191
47.16566867
47.50623894
47.90647015
48.26163277
48.59767219
48.9340007
49.28286585
49.62041999
49.94239875
50.24858806
50.56927199
50.87561947
51.17162952
51.46639638
51.75745944
52.04305604
52.28513854
52.55472112
52.81761509
53.08634702
53.31967228
53.56549746
53.78689799
54.03678381
54.27285031
54.47885664
54.69523802
54.89803196
55.07604216
55.26270865
55.45415028
55.64687378
55.80947386
55.98585199
56.12690164
56.27996059
56.42951175
56.575047
56.70730498
56.83487823
56.9555451
57.06357427
57.16061883
57.28349315
57.38395756
57.45966898
57.52397351
57.62949831
57.67644799
57.76888789
57.82633832
57.86657651
57.91902131
57.94569378
57.99679928
58.00562518
58.0363238
58.04646116
58.04262608
58.06722176
58.03983669
58.03289385
58.02736087
58.01040778
57.99558879
57.94372923
57.92023825
57.86035334
57.80024101
57.73002113
57.67717888
57.61010543
57.52997378
57.44877132
57.3680536
57.26633541
57.15618705
57.04603314
56.93400748
56.8335923
56.69213785
56.5658059
56.43204583
56.27582878
56.14347092
56.00294695
55.82876364
55.64674228
55.48747049
55.30882109
55.10932693
54.93156002
54.72160014
54.5355485
54.31474873
54.10234809
53.88906384
53.67952447
53.43403789
53.20512402
52.96019105
52.70712449
52.45720377
52.22450243
51.93805046
51.66282925
51.39414729
51.10825204
50.8284703
50.51803362
50.23804564
49.92460644
49.63584242
49.31083639
48.99745525
48.66902779
48.3378173
47.99622327
47.66579196
47.31747372
46.94274498
46.58871418
46.21887524
45.85143217
45.48969858
45.0972133
44.71362282
44.34287747
43.94700133
43.53437338
43.12559616
42.72024432
42.3017281
41.88766889
41.45633658
41.00903131
40.5903868
40.13908813
39.6995193
39.23066597
38.79979424
38.33195997
37.86029532
37.39161483
36.93690012
36.44584957
35.96737176
35.45856238
34.97900189
34.48114231
33.95954298
33.46106245
32.95442236
32.42207593
31.89530979
31.39703402
30.8392194
30.3231324
29.77116907
29.23898511
28.67249476
28.11247596
27.59148058
27.00109612
26.41668651
25.85377904
25.29907299
24.71558641
24.12540015
23.54905087
22.9579134
22.36867335
21.75278024
21.1513544
20.55422132
19.94676025
19.32758339
18.71154014
18.08850289
17.46256071
16.85446117
16.20836483
15.57236642
14.94489437
14.27851063
13.64927304
12.99648848
12.35419138
11.71618705
11.04613947
10.38034402
9.7157586
9.064138965
8.370704788
7.706772943
7.058169935
6.372515079
5.688170539
5.002536376
4.322448031
3.638923299
2.946954953
2.263003282
1.567607017
0.8942430723
0.181685503
-0.4994280423
-1.192720151
-1.903443809
-2.594748908
-3.300607839
-3.988501989
-4.676495578
-5.375503464
-6.070456397
-6.773057834
-7.462684118
-8.151646129
-8.836111894
-9.525514928
-10.17774218
-10.84879263
-11.48984043
-12.12174004
-12.75633562
-13.36260323
-13.95499866
-14.53988842
-15.10955731
-15.6346167
-16.16229124
-16.68268746
-17.17237657
-17.643892
-18.11028367
-18.56294426
-18.97810693
-19.43287157
-19.84321345
-20.25411588
-20.67151351
-21.07014311
-21.4815877
-21.88365214
-22.26969956
-22.64202015
-23.02725009
-23.41335067
-23.77455166
-24.15628926
-24.50379927
-24.87755108
-25.25139748
-25.58851686
-25.95364256
-26.29962606
-26.63502457
-26.99154734
-27.35731054
-27.66475837
-28.006876
-28.33229302
-28.67105045
-28.99995579
-29.31420451
-29.63774848
-29.95853273
-30.27237993
-30.57988151
-30.8915367
-31.19949092
-31.49905943
-31.83186947
-32.09592892
-32.4097244
-32.68782712
-32.96168965
-33.23954967
-33.52596756
-33.79205848
-34.04441153
-34.30739724
-34.55863523
-34.79603939
-35.07347501
-35.28865125
-35.513626
-35.73641706
-35.95983737
-36.16291612
-36.35560596
-36.54509075
-36.71926203
-36.8857264
-37.04572363
-37.19499409
-37.32836822
-37.45476804
-37.57835562
-37.6844305
-37.79671081
-37.87963659
-37.9798097
-38.08533887
-38.13898946
-38.22334639
-38.30380765
-38.3522061
-38.39632026
-38.47456566
-38.55453104
-38.5879333
-38.63364548
-38.6927316
-38.74465135
-38.77798888
-38.81261753
-38.8890263
-38.93135518
-38.97406556
-39.0186999
-39.03614481
-39.10560362
-39.14838471
-39.18574183
-39.23569213
-39.23933436
-39.30615491
-39.32085367
-39.37130918
-39.41993138
-39.47929292
-39.51235749
-39.52819662
-39.59065811
-39.6197373
-39.66561903
-39.68627991
-39.7385804
-39.77659341
-39.81469044
-39.85608768
-39.90209493
-39.92485936
-39.96667515
-39.9936099
-40.02904866
-40.06658072
-40.11046646
-40.15592044
-40.20826993
-40.21675003
-40.27173984
-40.28457372
-40.34293304
-40.38236549
-40.39523093
-40.45741737
-40.48008381
-40.52380667
-40.55132251
-40.59189062
-40.63305443
-40.66759
-40.70762994
-40.74595704
-40.7983888
-40.81960542
-40.86881526
-40.88862332
-40.92200283
-40.97323922
-41.01206118
-41.04057465
-41.08639571
-41.11052423
-41.14531348
-41.16855864
-41.21826678
-41.24806988
-41.28613563
-41.3277709
-41.36293146
-41.38249239
-41.42619977
-41.45564078
-41.49730843
-41.53105607
-41.56102435
-41.60777663
-41.63420751
-41.65366683
-41.69602811
-41.73590526
-41.79605108
-41.8138505
-41.85508618
-41.87851405
-41.91386949
-41.959994
-41.97974317
-42.02489364
-42.07372978
-42.08384883
-42.1161347
-42.17431166
-42.19462821
-42.21593863
-42.26744669
-42.30289072
-42.3313689
-42.36390342
-42.38069753
-42.42781802
-42.47220863
-42.50053583
-42.5327138
-42.57432987
-42.5903614
-42.62324979
-42.66430788
-42.70082049
-42.74936162
-42.75348126
-42.81953587
-42.82508457
-42.88462212
-42.90663859
-42.94201862
-42.97556486
-42.99571158
-43.03955329
-43.05993264
-43.09983694
-43.1310391
-43.18028026
-43.18928222
-43.22414864
-43.26355828
-43.28667531
-43.33529461
-43.35743759
-43.38994614
-43.41043201
-43.43720448
-43.48247888
-43.51404629
-43.56466968
-43.57203801
-43.59209009
-43.62822739
-43.6431403
-43.67769657
-43.71895715
-43.74926839
-43.76509713
-43.78206927
-43.82608389
-43.85068287
-43.86025913
-43.89236522
-43.92067601
-43.96922544
-43.97489991
-44.00781484
-44.02978941
-44.04445859
-44.0769648
-44.09991885
-44.11407521
-44.1423503
-44.15491226
-44.18017918
-44.18975808
-44.22102434
-44.2328877
-44.26899042
-44.28414015
-44.28424928
-44.30263122
-44.3259406
-44.34032848
-44.35911629
-44.35689076
-44.38206585
-44.40985281
-44.40994251
-44.41516714
-44.42497
-44.42825938
-44.44797463
-44.45832516
-44.42976422
-44.44935257
-44.44823441
-44.43846403
-44.45982248
-44.43652019
-44.44162636
-44.40406579
-44.41469554
-44.40400346
-44.38484716
-44.34685806
-44.33771453
-44.31420139
-44.28562645
-44.25819365
-44.19649401
-44.17291047
-44.10423822
-44.06244345
-44.00909857
-43.9435488
-43.88342273
-43.81060603
-43.72861673
-43.65400905
-43.57045169
-43.49532568
-43.40353831
-43.29911258
-43.18752625
-43.05933374
-42.96985859
-42.82847425
-42.71005852
-42.56091832
-42.43277001
-42.30772282
-42.14668442
-42.00024242
-41.84300454
-41.7066339
-41.5539234
-41.3763744
-41.22182153
-41.06066539
-40.89655188
-40.72737906
-40.54120265
-40.37105572
-40.17638443
-40.00863205
-39.81779892
-39.63149067
-39.46154206
-39.27110431
-39.07068014
-38.88560644
-38.69475397
-38.50685359
-38.3260046
-38.12786993
-37.91080848
-37.72047928
-37.53947331
-37.31383041
-37.12774716
-36.92358982
-36.74733814
-36.52761002
-36.31708186
-36.10872296
-35.88176702
-35.67754292
-35.48394322
-35.25427823
-35.05769051
-34.84284093
-34.62130253
-34.40168151
-34.18829592
-33.98268438
-33.75879696
-33.55260223
-33.33313097
-33.13067155
-32.87389493
-32.65846839
-32.44153108
-32.23068882
-32.00510134
-31.76535866
-31.54889337
-31.31375425
-31.0799943
-30.85076361
-30.62743426
-30.39013854
-30.148566
-29.91533427
-29.68185935
-29.45940972
-29.18310513
-28.97566645
-28.72657491
-28.48494716
-28.25652799
-27.99008907
-27.75217014
-27.51031229
-27.25474801
-26.98783191
-26.7543604
-26.5020146
-26.25185484
-25.9930522
-25.7358401
-25.49583245
-25.23142232
-24.9585681
-24.70454191
-24.43375918
-24.16738149
-23.91013853
-23.64306193
-23.36257693
-23.07595322
-22.80066065
-22.51536531
-22.24161476
-21.97029872
-21.66915735
-21.38613046
-21.09641633
-20.78422136
-20.50663198
-20.19560623
-19.91041309
-19.60846846
-19.30954906
-19.00306932
-18.68672995
-18.37278911
-18.05678721
-17.73436215
-17.41354129
-17.07814362
-16.77074103
-16.45161048
-16.10693683
-15.78854738
-15.45150578
-15.1213851
-14.79016663
-14.43651528
-14.10309817
-13.74781127
-13.40842472
-13.06686624
-12.71386454
-12.3586768
-12.00693713
-11.65609592
-11.30666026
-10.94612705
-10.57232516
-10.22077058
-9.854098846
-9.509285391
-9.127986095
-8.778991704
-8.376202157
-8.013281402
-7.658855392
-7.27324535
-6.893408726
-6.538805546
-6.145558071
-5.744535942
-5.392053787
-4.981104367
-4.606046546
-4.222125479
-3.828031809
-3.435931599
-3.045064708
-2.665919819
-2.27045593
-1.871601375
-1.453985835
-1.071070408
-0.6654419468
-0.2553818408
0.1516085489
0.5565453155
0.9493767978
1.360203048
1.792196206
2.203691822
2.624011962
3.026858659
3.454826498
3.882112197
4.318713896
4.743246207
5.175254097
5.608166398
6.036653671
6.459277222
6.937877576
7.375864914
7.812358216
8.26059038
8.718672701
9.173683655
9.625636636
10.09543246
10.53709547
11.02971376
11.5030862
11.96901037
12.46307897
12.93960806
13.4024829
13.91835061
14.38975733
14.87664917
15.36453667
15.86765128
16.38009398
16.89383434
17.40046229
17.91530331
18.42308539
18.93912199
19.44706882
19.97565844
20.51262659
21.03973257
21.55423217
22.0735474
22.58739919
23.12629009
23.65323258
24.17990467
24.72455101
25.2646264
25.80802112
26.33255645
26.86858495
27.40881255
27.93523843
28.48482627
29.00451921
29.5586589
30.08277818
30.61672459
31.1567433
31.68149587
32.22542199
32.74710261
33.29045428
33.8207943
34.33873187
34.88420933
35.41526057
35.9133046
36.4432602
36.96704632
37.50219999
38.01675286
38.52793392
39.0371316
39.56273364
40.07783163
40.5622286
41.05820269
41.5679798
42.07938644
42.55764699
43.06470849
43.55435971
44.04177126
44.5200383
44.98890364
45.47741354
45.93168027
46.40153739
46.87090657
47.30769867
47.78128133
48.24497836
48.65965542
49.11484873
49.55399374
49.98438358
50.40046721
50.80945385
51.22706973
51.65293754
52.0383914
52.40838219
52.81238602
53.17554455
53.55607782
53.91195399
54.26242882
54.6208107
54.95252232
55.27885458
55.6159965
55.91210168
56.21798242
56.51197223
56.79409289
57.05105123
57.31619559
57.55099116
57.77145862
58.00040483
58.21005903
58.38564622
58.56497877
58.73744505
58.83914885
58.98288569
59.04911487
59.15072993
59.16345741
59.27643251
59.14470827
59.30412803
59.01311065
59.22621333
58.64501704
59.0314064
58.05768311
58.65860076
57.073559
58.05761126
55.41248611
57.09091162
-107.6853248
55.44870203
