-10.28339441
-8.657981963
-6.093218474
-3.797246098
-1.657590656
0.3278472374
2.15614062
3.821848573
5.330002008
6.678264768
7.875915869
8.901508373
9.769593421
10.4678352
11.03102674
11.42654919
11.65879855
11.7484337
11.68425761
11.46522818
11.09171111
10.57423084
9.904507845
9.109424664
8.174760529
7.127677069
5.963753299
4.6871844
3.341718618
1.913788991
0.4377176
-1.056282728
-2.517538605
-3.92387979
-5.193103112
-6.317571869
-7.311997391
-8.149750396
-8.848621972
-9.427334332
-9.897014348
-10.27380496
-10.57701821
-10.7906698
-10.96683723
-11.07331457
-11.12309997
-11.15093295
-11.09641437
-10.99758269
-10.82955762
-10.63124756
-10.352916
-10.02238657
-9.635284186
-9.195532775
-8.689093846
-8.133064176
-7.532065139
-6.882222587
-6.16989312
-5.408933729
-4.610362112
-3.768404177
-2.894447266
-1.976192402
-1.027949143
-0.04834180715
0.9465478312
1.966075753
3.001428661
4.03113268
5.070046711
6.106737939
7.123640073
8.088738483
9.02447906
9.87886336
10.63479091
11.23811811
11.62366573
11.83756062
11.74854417
