# column(s): quantity
#0	: Lattice size
#1(2)	: TC_eqh	
#3(4)	: TC_eqw	
#5(6)	: TC_Cv	
#7(8)	: TC_Susc	
#9(10)	: TC_E_BC
#11(12)	: TC_Q_BC
16	2.34137	0.0002	2.33996	0.0002	2.3400	0.0004	2.3399	0.0004	2.3441	0.0002	2.3455	0.0002
18	2.32639	0.0002	2.32523	0.0002	2.32523	0.0003	2.3252	0.0003	2.32805	0.0002	2.3292	0.0002
20	2.31552	0.0002	2.31463	0.0002	2.31471	0.0003	2.3147	0.0003	2.31676	0.0002	2.3177	0.0002
22	2.30738	0.0002	2.30696	0.0002	2.30689	0.0003	2.30689	0.0003	2.3084	0.0002	2.3092	0.0002
24	2.30147	0.0002	2.30095	0.0002	2.30095	0.0002	2.30095	0.0002	2.30205	0.0002	2.30275	0.0002
26	2.29665	0.0002	2.29629	0.0002	2.29629	0.0002	2.29629	0.0002	2.2972	0.0002	2.29778	0.0002
28	2.29292	0.0002	2.29261	0.0002	2.2926	0.0002	2.2926	0.0002	2.29335	0.00015	2.293805 0.00015