6.212320536
6.464456078
7.284944239
8.067340359
8.879393282
9.639941414
10.4034342
11.14263801
11.88034235
12.60713935
13.32691141
14.03561244
14.71482361
15.41355692
16.06465089
16.73336889
17.35267725
17.9752103
18.62338085
19.22549915
19.80995936
20.35354036
20.99989351
21.53477247
22.10267456
22.60334937
23.15647198
23.67696733
24.13170995
24.61561547
25.11966061
25.58145302
26.03002414
26.43621851
26.92188572
27.3312276
27.74964532
28.13324581
28.48096721
28.87440984
29.2549174
29.58726916
29.91017099
30.246585
30.57679651
30.85428045
31.15816134
31.45257059
31.67644056
31.92672155
32.17425426
32.41673282
32.61204943
32.83029241
33.00572128
33.22043064
33.39178491
33.54086341
33.68225411
33.81948128
33.94240062
34.05304518
34.15991313
34.2295753
34.32376508
34.37769656
34.44096906
34.50845194
34.51645186
34.54888744
34.52832666
34.56099532
34.51616985
34.52085866
34.50145958
34.43991104
34.39718282
34.3026419
34.21147941
34.11846318
34.04255935
33.90274261
33.80564
33.66003117
33.53768774
33.34718206
33.19420331
33.01165882
32.83541919
32.60693466
32.41783668
32.1786318
31.93365538
31.68223408
31.46328053
31.18753699
30.89269123
30.64333149
30.30857098
29.99132693
29.67730688
29.35048817
29.0216017
28.65286268
28.32128204
27.93265602
27.56348442
27.18255359
26.78782316
26.3891933
25.94280951
25.5427927
25.10346803
24.62835747
24.20450134
23.73664516
23.25536859
22.7920675
22.31513337
21.79669069
21.27526674
20.77323969
20.23927924
19.70341623
19.17107871
18.66006533
18.05764522
17.5115193
16.95051558
16.36115178
15.78026922
15.16979319
14.5599404
13.96305544
13.34311443
12.71063509
12.1018335
11.45958201
10.78127216
10.14115204
9.466347628
8.799655741
8.139564372
7.459766779
6.760700958
6.089056661
5.40927667
4.703424781
3.973925361
3.258262203
2.560088473
1.839871749
1.11040596
0.4129409533
-0.322834505
-1.071322866
-1.772332795
-2.538471344
-3.218157693
-3.951290845
-4.676603545
-5.395389938
-6.102598077
-6.827480786
-7.536290536
-8.218639207
-8.895284707
-9.601346852
-10.23050477
-10.86338351
-11.48165746
-12.09737758
-12.69169592
-13.24395924
-13.75479892
-14.28497617
-14.7977206
-15.27600726
-15.75098047
-16.23965551
-16.67156655
-17.13980169
-17.53528572
-17.92097296
-18.34160557
-18.74830015
-19.11140966
-19.51365478
-19.87396468
-20.23305372
-20.57521498
-20.89746
-21.24870615
-21.57589197
-21.86383657
-22.16643206
-22.44958737
-22.77859595
-23.01158729
-23.28984078
-23.52531267
-23.73462813
-23.97551892
-24.17015435
-24.36256622
-24.57869373
-24.74911942
-24.90097205
-25.05364347
-25.21328091
-25.36235128
-25.49095022
-25.59510199
-25.72783128
-25.82038648
-25.93241415
-26.01220076
-26.11621237
-26.21458256
-26.26910029
-26.36513584
-26.43745053
-26.52165411
-26.57668187
-26.65791602
-26.72294295
-26.76233161
-26.82959006
-26.91626545
-26.96050081
-27.0068729
-27.07107127
-27.13148713
-27.21541282
-27.26344124
-27.31591979
-27.36738785
-27.4254378
-27.4917093
-27.55592892
-27.60619042
-27.65862363
-27.67846998
-27.75050996
-27.79714144
-27.83274005
-27.88474729
-27.9068698
-27.98362971
-28.00839891
-28.08780741
-28.0913637
-28.15279759
-28.21821081
-28.23684627
-28.29405929
-28.34467303
-28.3882662
-28.43546329
-28.47353287
-28.50480128
-28.57012815
-28.59417253
-28.62274544
-28.68703329
-28.72970595
-28.73605701
-28.75512652
-28.82252365
-28.7999136
-28.85708033
-28.8750683
-28.90841256
-28.93162266
-28.97233002
-28.98980702
-29.02147366
-29.03138666
-29.07881671
-29.12355568
-29.1300134
-29.12315853
-29.14598561
-29.15942846
-29.19415958
-29.20658716
-29.22469434
-29.20812151
-29.21602936
-29.2030038
-29.20827054
-29.21133695
-29.19054441
-29.18008611
-29.18305045
-29.18148213
-29.14098544
-29.14581099
-29.10702159
-29.05780253
-29.02147162
-29.00048726
-28.9657304
-28.90373441
-28.86688637
-28.76842723
-28.7103246
-28.68076892
-28.58696646
-28.48436187
-28.42490695
-28.29782831
-28.2407646
-28.16240689
-28.03760234
-27.93711293
-27.83234732
-27.67326497
-27.57482092
-27.4189369
-27.29357919
-27.11826571
-26.97961456
-26.8548345
-26.69365015
-26.52296496
-26.36335729
-26.14787867
-26.00056843
-25.8023768
-25.61159293
-25.416603
-25.21129784
-25.01637032
-24.82746424
-24.60986555
-24.41492466
-24.16623724
-23.95223054
-23.73636671
-23.54770855
-23.28865229
-23.0760573
-22.86985241
-22.60495534
-22.37792414
-22.16164914
-21.88165916
-21.65001864
-21.39844804
-21.1326247
-20.90212388
-20.63027086
-20.36767885
-20.12627264
-19.84988057
-19.5660805
-19.32827436
-19.02254393
-18.73471325
-18.46158981
-18.19091208
-17.88551384
-17.6082116
-17.31216392
-17.01336557
-16.70186345
-16.41629186
-16.13822405
-15.80968081
-15.49249097
-15.16086895
-14.83311195
-14.50085082
-14.14756843
-13.83328794
-13.51000108
-13.16758269
-12.79931075
-12.47553631
-12.08802839
-11.77190089
-11.37585594
-11.00351765
-10.64717041
-10.2972137
-9.895059317
-9.526762992
-9.161219802
-8.756081157
-8.317689646
-7.963027682
-7.567158673
-7.153112633
-6.760698184
-6.352570005
-5.904909212
-5.511390107
-5.082671129
-4.665088738
-4.225939818
-3.804528543
-3.394675436
-2.947476211
-2.514038344
-2.07484545
-1.594750945
-1.149785756
-0.6989685473
-0.2520050975
0.2250354003
0.6688267412
1.150070478
1.595074487
2.091356333
2.558306375
3.057668283
3.522716444
4.022998475
4.517790529
5.014204522
5.523197831
6.018149871
6.529250742
7.053545782
7.542089183
8.070218725
8.595284805
9.125201349
9.644714358
10.18026349
10.70551655
11.21489016
11.74664577
12.2786539
12.83291574
13.36019511
13.9356776
14.44497328
14.99133396
15.52946452
16.09424063
16.60563958
17.15577381
17.69297264
18.20653884
18.747361
19.30402757
19.82530223
20.34520126
20.89214053
21.40682095
21.94046749
22.48442665
22.95814179
23.52757103
24.00656198
24.50422236
25.00424037
25.51052387
26.00606983
26.50383966
27.00819172
27.46202764
27.94566586
28.42315391
28.89069141
29.34662071
29.78706806
30.21480917
30.64554579
31.05948792
31.49733694
31.89968066
32.30591899
32.66821963
33.03945132
33.37406647
33.71027254
34.0378314
34.36456751
34.64030439
34.93990357
35.17846966
35.44345298
35.60524671
35.85837744
35.90561076
36.21302139
36.04600194
36.45575516
35.94717778
36.54929559
35.4873924
36.44088701
34.35972518
36.01215548
-102.0662955
34.87999934
