-50.1382704
-50.52479776
-50.01718622
-49.53243101
-49.01842457
-48.52145456
-48.0163943
-47.50024431
-47.02930993
-46.53327194
-46.0297058
-45.55870006
-45.05530265
-44.57424364
-44.09644412
-43.59823199
-43.12509499
-42.65797156
-42.17890321
-41.70002603
-41.2412122
-40.76722419
-40.30405914
-39.82694727
-39.35969253
-38.88918331
-38.45715864
-37.99288061
-37.54371608
-37.09696169
-36.64467735
-36.20553247
-35.74692982
-35.30289821
-34.85988784
-34.41892609
-33.98808954
-33.54811918
-33.12086713
-32.69125654
-32.25539324
-31.84433719
-31.40380658
-31.01092544
-30.56268636
-30.1642445
-29.73721012
-29.33801664
-28.89980234
-28.50188349
-28.07853463
-27.68379183
-27.28183417
-26.87356197
-26.47873436
-26.09590285
-25.68672371
-25.30730138
-24.92190638
-24.52710244
-24.13802886
-23.75260398
-23.35398959
-22.98625089
-22.60259867
-22.2447499
-21.86420778
-21.48884498
-21.12917657
-20.75358522
-20.37279886
-20.03682228
-19.65162003
-19.29743755
-18.95110694
-18.59092399
-18.24183098
-17.90131361
-17.54951487
-17.20112861
-16.85966731
-16.52344447
-16.1672756
-15.82288284
-15.51126421
-15.16236845
-14.81291693
-14.49320011
-14.19112657
-13.86193818
-13.53369312
-13.21870327
-12.90482275
-12.58295066
-12.25739921
-11.95309807
-11.63655434
-11.33986729
-11.03420961
-10.74766583
-10.43500923
-10.13080363
-9.806349028
-9.508674384
-9.236143994
-8.945818416
-8.659219508
-8.379595779
-8.073936086
-7.811841779
-7.545193606
-7.253724965
-6.987103969
-6.681059031
-6.437926879
-6.159151033
-5.889138436
-5.629025234
-5.359595092
-5.1121782
-4.826992251
-4.582917042
-4.328192397
-4.073792727
-3.824043924
-3.565110873
-3.324575969
-3.083981039
-2.816402007
-2.606446428
-2.354016138
-2.114028807
-1.8895892
-1.653696523
-1.417649343
-1.210736061
-0.9750290099
-0.7506452897
-0.5389555268
-0.321218515
-0.1079732296
0.1076018691
0.3287772401
0.5286226429
0.758206967
0.9428583118
1.165281958
1.350440262
1.542472502
1.756603067
1.942789254
2.152382799
2.327605176
2.520808805
2.715907917
2.877243612
3.060005276
3.257155863
3.418947126
3.620410964
3.802696717
3.968722831
4.130929592
4.298747836
4.450624513
4.615363665
4.803191411
4.945518846
5.101780156
5.27469257
5.408675783
5.569579071
5.72143331
5.873787101
6.001352891
6.153144387
6.275477725
6.436225902
6.568538454
6.709789703
6.831976192
6.969485013
7.067063911
7.200836237
7.341181677
7.490561499
7.577318385
7.714640212
7.806897853
7.93747822
8.041280416
8.162442426
8.25339342
8.3519087
8.442153193
8.571982449
8.702203184
8.761245695
8.8775378
8.944336743
9.02566779
9.113001566
9.209917523
9.291416795
9.373137372
9.464377189
9.545544619
9.602431169
9.669313898
9.770568589
9.824798913
9.88235958
9.945373952
10.03533553
10.07962508
10.13887408
10.19997542
10.26935719
10.29936308
10.35590627
10.40652068
10.46777238
10.50553094
10.53747927
10.56845861
10.62332514
10.64548758
10.69302291
10.72267034
10.74662792
10.80180437
10.81273268
10.83698989
10.85045451
10.87496041
10.89805504
10.90305748
10.91209086
10.93599179
10.94374094
10.94344436
10.96836662
10.97320897
10.95429849
10.97088139
10.95627708
10.95865005
10.936971
10.9339536
10.93945015
10.92927384
10.89070761
10.88333714
10.8724546
10.8450485
10.83826811
10.79244268
10.76232196
10.74005251
10.70350279
10.67619325
10.64967134
10.61120711
10.5295646
10.52443218
10.44841052
10.44098877
10.37535956
10.31541163
10.29578457
10.2073119
10.17304167
10.10380054
10.03194906
9.978361705
9.935930344
9.871086153
9.786081554
9.722744592
9.656497636
9.568062909
9.507019868
9.405998568
9.355757984
9.233252048
9.188953599
9.073787092
9.015437057
8.905076773
8.837867907
8.732838977
8.651273782
8.540792646
8.421663995
8.31996391
8.231735405
8.138447492
8.020863303
7.896420905
7.807767562
7.677928981
7.571997887
7.442016698
7.338010267
7.207042812
7.084910875
6.969914135
6.855862836
6.714358404
6.591600763
6.429106453
6.331429117
6.159654582
6.029703822
5.895128036
5.736698404
5.609028149
5.472335513
5.305894492
5.172610331
5.020632335
4.867248739
4.707888951
4.543459967
4.381594681
4.206651094
4.07655965
3.872989884
3.714264894
3.547343685
3.388794212
3.206397328
3.03421188
2.839874409
2.666773378
2.504924169
2.32949679
2.124252294
1.939178793
1.736465272
1.582216237
1.395006684
1.177370103
0.9732830243
0.7709714054
0.5882968704
0.4022672742
0.1754786493
-0.02952074326
-0.2190610592
-0.4333334347
-0.6555711999
-0.8496823523
-1.067052146
-1.291648862
-1.521355927
-1.726206726
-1.945925041
-2.181658727
-2.38378606
-2.626882075
-2.864510207
-3.064281179
-3.31782979
-3.57071756
-3.790255177
-4.002487922
-4.271979447
-4.523193602
-4.744330931
-4.987072252
-5.242390331
-5.483902608
-5.740157182
-5.983328947
-6.238498119
-6.499890253
-6.754177679
-7.015499577
-7.2935102
-7.537244704
-7.803596196
-8.059805718
-8.322147884
-8.614958305
-8.885998745
-9.160247559
-9.418314812
-9.702474406
-9.987108515
-10.25011445
-10.54535028
-10.83006623
-11.08980525
-11.37367082
-11.68314937
-11.96175686
-12.27243339
-12.55980308
-12.82560809
-13.14533792
-13.43293683
-13.76228051
-14.02471007
-14.33675123
-14.64791093
-14.95966792
-15.26660293
-15.58434363
-15.8798066
-16.18404904
-16.50925432
-16.82692581
-17.14389638
-17.46686346
-17.80111573
-18.12314252
-18.43404304
-18.76946017
-19.09754408
-19.41345113
-19.74160508
-20.07426893
-20.4164561
-20.74517728
-21.0948985
-21.42851698
-21.76720848
-22.10919989
-22.46019956
-22.77473002
-23.13684675
-23.45923371
-23.82678632
-24.17551541
-24.51486732
-24.89924471
-25.20065373
-25.59141458
-25.94826175
-26.29578395
-26.64902034
-27.00606154
-27.38285378
-27.72966666
-28.10537459
-28.45957113
-28.84831881
-29.20484002
-29.57932027
-29.94976134
-30.31782234
-30.71641301
-31.0659131
-31.45739406
-31.840864
-32.20562664
-32.59655352
-32.97500018
-33.34447389
-33.7498668
-34.1257808
-34.5291884
-34.91046592
-35.30001633
-35.68296767
-36.07692986
-36.46196132
-36.87210432
-37.26257816
-37.66993208
-38.05424537
-38.45118378
-38.85083814
-39.25972387
-39.64790944
-40.05993212
-40.48137441
-40.86273389
-41.27372567
-41.69621029
-42.07825988
-42.49892477
-42.91003617
-43.32164729
-43.74730537
-44.13239267
-44.55537903
-44.97370186
-45.39677731
-45.8142138
-46.2325214
-46.64006349
-47.06882646
-47.46946089
-47.8996539
-48.33092877
-48.7418618
-49.14776699
-49.58996738
-50.02083844
-50.44102895
-50.85298304
-51.29695933
-51.68612284
-52.1150614
-52.55756187
-52.96755074
-53.41008315
-53.82191255
-54.25443085
-54.67064551
-55.09681828
-55.53061597
-55.95747085
-56.38479984
-56.83168726
-57.24388134
-57.66857799
-58.10558216
-58.50123646
-58.92826746
-59.32560209
-59.77136977
-60.21370572
-60.62471697
-61.02003022
-61.45312615
-61.8800106
-62.26142089
-62.6879146
-63.08174625
-63.50962503
-63.91657912
-64.32448409
-64.71579155
-65.12447789
-65.52246187
-65.92927243
-66.30279354
-66.70546217
-67.12183451
-67.47518738
-67.87636443
-68.24712234
-68.63036294
-69.02790136
-69.36913875
-69.76919339
-70.13554753
-70.5201214
-70.86222668
-71.22503002
-71.56633119
-71.95998568
-72.29796171
-72.65060263
-73.0068111
-73.36202733
-73.70407606
-74.07098784
-74.4021926
-74.77706667
-75.09596633
-75.44205488
-75.76365776
-76.10154842
-76.43166745
-76.76757669
-77.10397907
-77.42530675
-77.77116118
-78.09871736
-78.43375979
-78.73139319
-79.05111432
-79.40294177
-79.69947588
-80.02753513
-80.35498491
-80.68004947
-81.00983823
-81.32727074
-81.64754148
-81.95749208
-82.26657219
-82.56767322
-82.8705242
-83.19708741
-83.47942173
-83.80109303
-84.11090546
-84.43308752
-84.72664263
-85.04561345
-85.33535892
-85.64303674
-85.93561741
-86.24622381
-86.5364727
-86.83673461
-87.15607916
-87.44980329
-87.72077835
-88.02090359
-88.32398008
-88.59613012
-88.89431203
-89.17587859
-89.46056517
-89.76928541
-90.05031018
-90.33792558
-90.63156522
-90.90484581
-91.18729406
-91.46936831
-91.75534338
-91.9970472
-92.27807999
-92.54471884
-92.84149737
-93.09958085
-93.3683821
-93.6342069
-93.87207713
-94.12870884
-94.36210946
-94.61646747
-94.84152689
-95.0760297
-95.29875676
-95.50086794
-95.6997148
-95.89655002
-96.06664931
-96.22895235
-96.35819627
-96.49576621
-96.64238217
-96.72950608
-96.83642507
-96.92572006
-97.01397409
-97.08595642
-97.17720277
-97.22036978
-97.27190239
-97.31949621
-97.38277035
-97.43263068
-97.46627275
-97.48923412
-97.52848809
-97.57152259
-97.59600027
-97.63486408
-97.66204975
-97.68411172
-97.72515469
-97.76032268
-97.77820929
-97.81052644
-97.83198207
-97.83535575
-97.895468
-97.9029499
-97.9222119
-97.98928973
-97.99177321
-98.03186922
-98.03442592
-98.0798002
-98.10169336
-98.14455239
-98.13414398
-98.17168783
-98.19036669
-98.23886198
-98.26267147
-98.28355066
-98.31573973
-98.31574522
-98.3614281
-98.39194435
-98.38294182
-98.42129928
-98.45586364
-98.48284633
-98.47855198
-98.53323534
-98.54354136
-98.58430666
-98.60210388
-98.62634861
-98.63912429
-98.65904746
-98.68602665
-98.7268509
-98.74940548
-98.75831867
-98.78276264
-98.7892429
-98.81492444
-98.8825225
-98.87843984
-98.92955057
-98.92162279
-98.94638867
-98.97710255
-99.00709573
-99.0170889
-99.05227843
-99.0693745
-99.09871192
-99.11054055
-99.15249612
-99.16017187
-99.17636354
-99.21986338
-99.25282913
-99.26451856
-99.27318797
-99.29777631
-99.3310164
-99.37068106
-99.378556
-99.40905631
-99.42233043
-99.44983869
-99.47756754
-99.49495734
-99.5234099
-99.55034343
-99.583395
-99.59023383
-99.62844722
-99.63668829
-99.66278503
-99.69623886
-99.72813082
-99.74976697
-99.77010428
-99.78376454
-99.80914964
-99.84107055
-99.85556386
-99.87692577
-99.92068256
-99.92516595
-99.95531246
-99.98225416
-100.011639
-100.0209998
-100.0452516
-100.0745823
-100.0890263
-100.1300758
-100.15656
-100.1619745
-100.1997597
-100.2137332
-100.2276271
-100.2628051
-100.2729133
-100.314309
-100.3263483
-100.3459796
-100.3697634
-100.429661
-100.4307802
-100.4716039
-100.4853901
-100.4776789
-100.5214789
-100.5581699
-100.5617933
-100.602304
-100.6166766
-100.6387384
-100.6509675
-100.6949519
-100.7186851
-100.7624997
-100.7555982
-100.7894997
-100.8169849
-100.8293183
-100.8538402
-100.861216
-100.9027641
-100.925994
-100.9415421
-100.9594272
-100.9988097
-101.0246407
-101.0394785
-101.0737292
-101.0946241
-101.1186781
-101.1306266
-101.1606292
-101.1742073
-101.2146429
-101.2340077
-101.2625887
-101.3001019
-101.2826645
-101.2838926
-101.3539082
-101.3953433
-101.4063153
-101.4302614
-101.4403531
-101.4668627
-101.4876913
-101.5265113
-101.5330797
-101.5508385
-101.5898279
-101.5987524
-101.6169046
-101.64758
-101.6729928
-101.7020607
-101.7108756
-101.7504919
-101.7643893
-101.7924098
-101.8193985
-101.851969
-101.8729704
-101.8765909
-101.9164451
-101.9416948
-101.9608012
-101.9615884
-102.0126842
-102.0637259
-102.0581295
-102.0827206
-102.1088915
-102.1122007
-102.1517733
-102.1486264
-102.1865444
-102.2290443
-102.2456128
-102.2700977
-102.2726671
-102.2964471
-102.3048325
-102.3477996
-102.3882635
-102.4003009
-102.4379602
-102.446416
-102.4670574
-102.4749511
-102.5200939
-102.5238396
-102.5605648
-102.5973066
-102.6078574
-102.6244065
-102.6685506
-102.6863782
-102.709828
-102.7139331
-102.745011
-102.7614885
-102.7821946
-102.8144252
-102.834054
-102.8545865
-102.8658089
-102.917224
-102.9159704
-102.9467494
-102.970412
-102.9908753
-102.9942481
-103.0409575
-103.0515589
-103.0682967
-103.0793836
-103.1012801
-103.1283497
-103.1372864
-103.1619936
-103.1670007
-103.1972808
-103.2126524
-103.2342864
-103.2547595
-103.2778072
-103.2793931
-103.3104934
-103.3101727
-103.3138541
-103.3422303
-103.3362071
-103.3471917
-103.3797519
-103.3936448
-103.3952489
-103.3830858
-103.3796984
-103.4003506
-103.3756938
-103.3989453
-103.394024
-103.362382
-103.3811471
-103.3766521
-103.3652977
-103.3227465
-103.348795
-103.3024079
-103.2795822
-103.2395442
-103.2187211
-103.2033525
-103.151242
-103.1010892
-103.0573923
-102.9986966
-102.9761492
-102.9185508
-102.8652021
-102.7907184
-102.7405292
-102.6512009
-102.566159
-102.5126702
-102.423561
-102.3717614
-102.2705907
-102.1875979
-102.1070008
-102.0099715
-101.9194114
-101.83472
-101.7399033
-101.6432068
-101.5430179
-101.4318913
-101.3235813
-101.2174123
-101.1150615
-101.0178997
-100.8928346
-100.7826024
-100.6708791
-100.5776232
-100.4373314
-100.3226481
-100.2112807
-100.0937118
-99.97301888
-99.81969086
-99.72260914
-99.62390484
-99.47827736
-99.38545045
-99.22115275
-99.10452503
-98.98891901
-98.87340249
-98.72829832
-98.62343059
-98.48912929
-98.3481067
-98.23879408
-98.09389782
-97.97136878
-97.84822078
-97.70434859
-97.55191772
-97.42222536
-97.30290315
-97.1673532
-97.02356687
-96.87988694
-96.73705526
-96.61882017
-96.4859107
-96.34899283
-96.22557676
-96.07125605
-95.92594394
-95.78505689
-95.6606059
-95.50061499
-95.36040943
-95.24412975
-95.09808973
-94.92754155
-94.80044907
-94.65857831
-94.51599303
-94.37620299
-94.2349119
-94.0864341
-93.9469342
-93.77996874
-93.64832025
-93.4850519
-93.33569505
-93.21844161
-93.06226863
-92.89517827
-92.77037002
-92.5962639
-92.46846029
-92.30319341
-92.1537817
-92.00899543
-91.83510945
-91.71411914
-91.55020819
-91.3923705
-91.26307486
-91.09741665
-90.94913678
-90.79558829
-90.64420154
-90.47425235
-90.31895941
-90.16671045
-90.01787349
-89.84002635
-89.6875507
-89.56188746
-89.3696895
-89.21791719
-89.06404776
-88.89529655
-88.74407663
-88.5896893
-88.42499344
-88.25150599
-88.0667847
-87.91543762
-87.78239337
-87.59000956
-87.43271021
-87.27530798
-87.10480344
-86.92280134
-86.74932063
-86.60752821
-86.40808101
-86.24980472
-86.0781439
-85.91210611
-85.73231026
-85.57341946
-85.40399469
-85.20441876
-85.03953778
-84.89366657
-84.71145981
-84.52695336
-84.34019295
-84.14367878
-83.98010123
-83.80720357
-83.62641687
-83.44045422
-83.26994353
-83.08897066
-82.89370275
-82.71419803
-82.51856431
-82.33339146
-82.17269588
-81.97984909
-81.80414526
-81.58748657
-81.41192408
-81.2076062
-81.04675095
-80.84721296
-80.65763717
-80.47528347
-80.27595993
-80.04409391
-79.84808869
-79.66786459
-79.47925871
-79.26612005
-79.07894019
-78.88802652
-78.70496484
-78.47743525
-78.28645251
-78.07984699
-77.86972088
-77.65695275
-77.46950606
-77.27366283
-77.06943705
-76.85695193
-76.65885459
-76.43842986
-76.23700489
-76.0182228
-75.82199159
-75.60121163
-75.37941612
-75.16533403
-74.96577707
-74.76042311
-74.54828168
-74.34553432
-74.10902393
-73.89107428
-73.68342724
-73.46775721
-73.25366803
-73.02856791
-72.82254884
-72.58580348
-72.37375059
-72.14003621
-71.94606816
-71.72768039
-71.48704173
-71.25862787
-71.05576846
-70.8235349
-70.62427104
-70.39037942
-70.14442095
-69.94211867
-69.68563522
-69.48536685
-69.24451449
-69.01754852
-68.79273834
-68.55526956
-68.34777427
-68.1029056
-67.87867679
-67.63255466
-67.42410488
-67.20248882
-66.94874022
-66.73889424
-66.48116143
-66.26991909
-66.01311611
-65.79491291
-65.55168745
-65.31318378
-65.09633841
-64.83867882
-64.61063106
-64.36263368
-64.13441679
-63.89786616
-63.66962328
-63.41576284
-63.18560752
-62.93058974
-62.68167695
-62.4688115
-62.20182784
-61.99382522
-61.73495819
-61.47800338
-61.2553123
-60.98720981
-60.74002558
-60.50443645
-60.26195942
-60.00189795
-59.80261897
-59.52416142
-59.2825415
-59.02414073
-58.75020342
-58.52596383
-58.26375461
-58.0161271
-57.76339939
-57.5329466
-57.26306907
-57.00197312
-56.75266392
-56.48289971
-56.23756062
-55.99537917
-55.74356523
-55.47475315
-55.22238938
-54.95680788
-54.70107358
-54.44555422
-54.18572326
-53.91397571
-53.64442369
-53.39256878
-53.13702306
-52.8563279
-52.57212932
-52.31539411
-52.0804191
-51.80595921
-51.54288955
-51.2620514
-50.97657371
-50.72055148
-50.44200729
-50.16868967
-49.90240248
-49.60751692
-49.35706374
-49.05560718
-48.79233336
-48.51706392
-48.24297021
-47.94923818
-47.67352709
-47.37733911
-47.10344161
-46.80707126
-46.52619503
-46.25012751
-45.94970479
-45.6469248
-45.37435177
-45.10265998
-44.78633734
-44.49986623
-44.21060831
-43.89398778
-43.62401309
-43.32551486
-43.01236126
-42.72825123
-42.41058496
-42.10069309
-41.78882611
-41.50690181
-41.18245484
-40.87885397
-40.57831603
-40.24389411
-39.95801074
-39.64674812
-39.3149103
-38.99371779
-38.69537661
-38.38929278
-38.0431732
-37.74390205
-37.42209766
-37.10366298
-36.75655212
-36.46594046
-36.11368435
-35.79324015
-35.48864432
-35.18321746
-34.83272265
-34.50531525
-34.18171157
-33.84670545
-33.52779547
-33.16973655
-32.85210081
-32.52119258
-32.19541691
-31.880388
-31.52011898
-31.19243309
-30.86341213
-30.51878288
-30.1936984
-29.85183934
-29.51713817
-29.20636306
-28.83605496
-28.52812607
-28.18397273
-27.84254563
-27.50377493
-27.17442732
-26.83439598
-26.49964492
-26.1545664
-25.82494381
-25.50324846
-25.14331979
-24.80658691
-24.50586973
-24.16517448
-23.81926135
-23.48575547
-23.12424264
-22.80401395
-22.46498446
-22.1546071
-21.8013357
-21.48085737
-21.14217176
-20.80549433
-20.46037702
-20.13637987
-19.81196604
-19.48464009
-19.17758551
-18.84465683
-18.50923247
-18.19459996
-17.82768571
-17.52368903
-17.20829774
-16.86686173
-16.54693668
-16.21965716
-15.89900781
-15.58197318
-15.2524389
-14.95387572
-14.62447593
-14.32153452
-13.99495639
-13.66887939
-13.34891977
-13.03476596
-12.71250151
-12.41739385
-12.08813319
-11.82693223
-11.47956476
-11.19741903
-10.86026367
-10.55551754
-10.27145091
-9.982826828
-9.659687498
-9.364902787
-9.059017527
-8.765533295
-8.464908753
-8.171766832
-7.871346176
-7.599486033
-7.304227039
-7.025133769
-6.73798361
-6.439324155
-6.16801104
-5.883833996
-5.592131734
-5.336364526
-5.044703626
-4.768114205
-4.493101717
-4.252161191
-3.942611348
-3.708911597
-3.412516614
-3.198487217
-2.894763581
-2.669749888
-2.384505976
-2.149907123
-1.878623199
-1.681684412
-1.356213489
-1.217051387
-0.8705760977
-0.7501154578
-0.3818499025
-0.2805747366
0.06525309237
0.1445284397
0.5290419306
0.5767589511
0.9761204782
1.01898943
1.437374994
1.425718328
1.843871223
1.761855587
2.26156392
2.180763241
2.650705214
2.492164548
3.077423107
2.86754938
3.418726325
3.091330462
3.832992208
3.467731794
4.080362838
3.572923198
4.544461654
3.966000837
4.687072099
3.997939146
5.161729478
4.402029325
5.16738948
4.23449002
5.69845854
4.646889648
5.517022159
4.309002674
6.178244307
4.784491724
5.741855813
4.153499008
6.534383306
4.726282758
5.723771154
3.66125753
6.723840196
4.418893668
5.425392251
2.779212168
6.680109047
3.709262178
4.727221678
1.148489152
6.429683802
2.305047538
3.368944045
-224.6873656
5.750610305
-224.6873656
-224.6873656
-224.6873656
4.384881806
