33.89512433
33.76392633
35.42787491
36.64780734
37.85061401
39.03204659
40.18352479
41.31614209
42.4430222
43.52800891
44.61358373
45.66849786
46.69507379
47.72052232
48.72060708
49.69411489
50.64621503
51.5920309
52.50474139
53.40462577
54.27516831
55.13924863
55.97740967
56.79372878
57.59346509
58.37202976
59.13272287
59.86711554
60.58356871
61.28963606
61.96625738
62.62594728
63.25997202
63.89039958
64.47537161
65.06050307
65.62041528
66.159528
66.68834201
67.18966902
67.66977523
68.13547076
68.57423435
68.99989053
69.40670824
69.7873689
70.15300259
70.49966059
70.8262084
71.12623259
71.41213247
71.68410684
71.92785553
72.17064324
72.36956881
72.55832494
72.73255333
72.88728698
73.01371466
73.12975939
73.2306703
73.305199
73.36298293
73.3944889
73.42066719
73.420489
73.39486872
73.36105481
73.30104092
73.23234643
73.13232094
73.02835997
72.88700147
72.73826307
72.57590413
72.38522558
72.18618769
71.95547771
71.72000331
71.45038077
71.17747512
70.8671895
70.55764374
70.22675376
69.86892292
69.49819275
69.1160617
68.70974119
68.27612548
67.84041997
67.38128581
66.90921524
66.41105471
65.90020595
65.36771102
64.82997988
64.26456825
63.68573372
63.08359984
62.4618637
61.83770569
61.1890758
60.51798419
59.84280357
59.14294106
58.42385854
57.70156845
56.94307322
56.18253836
55.41044146
54.61363535
53.80007267
52.96976706
52.13155379
51.2677479
50.39416723
49.51148655
48.60406132
47.68148542
46.75447076
45.804935
44.8432933
43.86043759
42.8693895
41.86053419
40.83715971
39.79903004
38.74983506
37.69162884
36.61400646
35.52030116
34.42445441
33.30917418
32.18273194
31.03170577
29.88330499
28.71539452
27.5381231
26.34241874
25.14393435
23.93264914
22.71317659
21.47334549
20.22820579
18.97241609
17.70920628
16.42314921
15.13776697
13.8480369
12.5348792
11.22310154
9.898623955
8.569324507
7.238841782
5.888016656
4.53778404
3.18792043
1.819920379
0.4459308674
-0.8987119195
-2.27546076
-3.646738152
-5.006236815
-6.357181495
-7.693237557
-9.015154502
-10.29772616
-11.54350067
-12.73883227
-13.86803162
-14.94052585
-15.95640192
-16.9014651
-17.79929541
-18.65740182
-19.48753573
-20.2881437
-21.06786504
-21.83555254
-22.58316493
-23.3138768
-24.03774146
-24.75763764
-25.45993862
-26.16652021
-26.85622519
-27.53101273
-28.21254839
-28.8822976
-29.54474116
-30.18801813
-30.84054171
-31.48228707
-32.12203751
-32.74966797
-33.38633823
-33.98547498
-34.59870424
-35.21009588
-35.80719896
-36.39792669
-36.98906288
-37.55547175
-38.12652081
-38.6827962
-39.23225113
-39.76874447
-40.28704608
-40.79948318
-41.27113054
-41.74431664
-42.17316915
-42.57308669
-42.94773094
-43.27782391
-43.56634964
-43.8326274
-44.04252406
-44.24329018
-44.40426679
-44.55471568
-44.68165529
-44.79945284
-44.90415897
-44.9998406
-45.0935082
-45.17721737
-45.26562376
-45.34578363
-45.42103465
-45.49797238
-45.57302514
-45.64718966
-45.71893855
-45.7937827
-45.86654776
-45.92969006
-46.01111413
-46.07512628
-46.14720999
-46.21915728
-46.28540999
-46.35756091
-46.42655506
-46.50669422
-46.56981563
-46.64268222
-46.71076306
-46.77823128
-46.84998285
-46.91513346
-46.98996694
-47.0589073
-47.12266545
-47.19374815
-47.2684749
-47.33153859
-47.40469111
-47.47445948
-47.54746958
-47.61100075
-47.67540496
-47.74609232
-47.81420541
-47.89144662
-47.94700415
-48.01940304
-48.09730324
-48.16244882
-48.22763329
-48.29020393
-48.36248055
-48.44141661
-48.5060304
-48.57058595
-48.64383412
-48.7083253
-48.78293159
-48.84796508
-48.91226037
-48.98419897
-49.0498322
-49.1195784
-49.18963103
-49.2516704
-49.32448476
-49.38509723
-49.45314194
-49.51968668
-49.58431104
-49.65579779
-49.71897011
-49.7903082
-49.86266402
-49.91993036
-49.98526704
-50.05375882
-50.12047098
-50.18401953
-50.26031517
-50.31773777
-50.38171011
-50.45203453
-50.5117857
-50.58045367
-50.65594217
-50.7181435
-50.78299564
-50.84832752
-50.91269527
-50.98159148
-51.04624596
-51.10995058
-51.17453973
-51.24148805
-51.30406037
-51.36674583
-51.43175298
-51.50444544
-51.55583266
-51.62665048
-51.69566954
-51.74782604
-51.82022937
-51.88298782
-51.93216652
-51.99769329
-52.05113359
-52.11812025
-52.16342829
-52.22580699
-52.28345979
-52.33836281
-52.3877647
-52.44311554
-52.49421024
-52.54673338
-52.59858275
-52.64809603
-52.69896573
-52.74204819
-52.78390785
-52.8340235
-52.87568268
-52.92184912
-52.95383979
-52.99774833
-53.03740726
-53.06215788
-53.10090724
-53.12190572
-53.14651282
-53.1710013
-53.19305211
-53.20515519
-53.21404721
-53.21556682
-53.20746288
-53.19552513
-53.17263071
-53.14020641
-53.09313021
-53.03700821
-52.96002182
-52.86680389
-52.75464387
-52.62437231
-52.46555796
-52.28918531
-52.09509182
-51.8775619
-51.64215055
-51.38809656
-51.11941419
-50.83337437
-50.53738405
-50.23375848
-49.9158551
-49.59487104
-49.27061388
-48.93613549
-48.58196473
-48.23938454
-47.89264266
-47.53725593
-47.17786075
-46.82454698
-46.45864519
-46.089687
-45.72667061
-45.34781871
-44.9778209
-44.60486589
-44.21645962
-43.82738926
-43.45166738
-43.05609624
-42.66940449
-42.28292145
-41.87989196
-41.48758409
-41.09190935
-40.6901439
-40.28707077
-39.88993681
-39.47263293
-39.06295224
-38.65170456
-38.24304456
-37.81552158
-37.40704957
-36.98556879
-36.55823824
-36.12981448
-35.69886559
-35.27591252
-34.83630592
-34.39183773
-33.9580768
-33.50852264
-33.05390778
-32.6050594
-32.14784675
-31.68857811
-31.21741515
-30.75165372
-30.27135733
-29.79957327
-29.31698405
-28.82339506
-28.3251976
-27.81883512
-27.31692309
-26.80252354
-26.28643391
-25.74923437
-25.21553324
-24.66912024
-24.12053173
-23.56506324
-23.00021543
-22.43513514
-21.84583565
-21.25473517
-20.65637167
-20.04465803
-19.43640226
-18.81424056
-18.18964587
-17.56157115
-16.91292449
-16.26926589
-15.60963023
-14.9562069
-14.29739822
-13.62076443
-12.95648698
-12.27017264
-11.5914131
-10.90825807
-10.205768
-9.506417802
-8.805834305
-8.102541881
-7.386255056
-6.677072464
-5.952217035
-5.224087002
-4.498812083
-3.763655242
-3.022366097
-2.288473362
-1.535053376
-0.7851508295
-0.02538214072
0.7348328511
1.504384742
2.278325472
3.060444843
3.840831651
4.623683348
5.428644162
6.221379795
7.036055976
7.858533264
8.673481643
9.512665233
10.34719666
11.19555235
12.06424129
12.93516689
13.82029751
14.70624088
15.60705295
16.52567003
17.45593679
18.40011179
19.35324552
20.32650111
21.30338271
22.29061648
23.29946309
24.30728891
25.32814953
26.36210622
27.40079892
28.43681765
29.49487226
30.544595
31.5995626
32.66205797
33.72576361
34.78387307
35.8456172
36.90351476
37.95847339
39.01388005
40.06320336
41.10335016
42.15096584
43.18465006
44.22743181
45.24881453
46.26237213
47.27838747
48.27360837
49.27432834
50.25215578
51.23263335
52.19209326
53.14347117
54.09452541
55.01617473
55.92645266
56.83701252
57.71269948
58.58065444
59.44250527
60.27852985
61.09514516
61.89170386
62.66932479
63.42163481
64.15508791
64.86211556
65.54225802
66.20097614
66.81858867
67.40916492
67.9707993
68.49538195
68.98464735
69.42792693
69.82607388
70.17990823
70.47537195
70.71896227
70.89620664
71.00584341
71.03718639
70.98558646
70.83960461
70.5678192
70.17766655
69.64485474
68.94485328
68.00768739
66.73110456
64.83859781
