-12.6433136
-12.54952004
-11.81078926
-11.11208767
-10.42120733
-9.798537058
-9.152956517
-8.578422525
-7.942296477
-7.346669061
-6.731645323
-6.190319674
-5.644452568
-5.114718041
-4.621617994
-4.125226715
-3.643049742
-3.202380578
-2.719978443
-2.300343415
-1.915649764
-1.518771808
-1.149195769
-0.7928219285
-0.4630495143
-0.1513592558
0.1513787586
0.4700726919
0.7614033374
1.02524676
1.233524225
1.442109776
1.692266004
1.847635688
2.05116374
2.218059505
2.331956087
2.430393906
2.54535632
2.648850273
2.674022158
2.774689839
2.797278161
2.826010088
2.790700365
2.791514833
2.774992433
2.718333225
2.644787803
2.599627425
2.469120316
2.40413553
2.261652001
2.105778977
1.914676992
1.762788103
1.554555401
1.376431764
1.132448501
0.8992209034
0.6832223256
0.4258645172
0.09578662086
-0.1768719386
-0.4847950229
-0.7916482374
-1.14537531
-1.4984002
-1.835422733
-2.203739046
-2.601477535
-2.995077927
-3.41121022
-3.804435179
-4.293027788
-4.692853869
-5.131799522
-5.58850685
-6.118047313
-6.572217959
-7.019759015
-7.548368825
-8.043488943
-8.578690609
-9.087409732
-9.630319859
-10.13147439
-10.6312264
-11.14101205
-11.66189147
-12.21097726
-12.72718818
-13.26958914
-13.77253387
-14.31135174
-14.76830933
-15.23702763
-15.61813475
-15.96010337
-16.25575857
-16.46373297
-16.67608309
-16.78343163
-16.82032753
-16.87853226
-16.85825203
-16.82977031
-16.78072384
-16.70825714
-16.66424451
-16.62561359
-16.48242904
-16.35008035
-16.25734094
-16.07646438
-15.92981139
-15.69650493
-15.53251058
-15.33438096
-15.10946195
-14.86290843
-14.65314182
-14.42445163
-14.14458504
-13.90204959
-13.59384643
-13.32179048
-13.03893645
-12.72931573
-12.40840497
-12.12615389
-11.84113614
-11.46932119
-11.17560787
-10.85320843
-10.5080367
-10.16812508
-9.833046631
-9.4732529
-9.120967384
-8.744301743
-8.389874778
-8.051213593
-7.649105893
-7.27521392
-6.939320776
-6.529031649
-6.138240667
-5.734860154
-5.367383659
-4.959252818
-4.574658616
-4.150226085
-3.699972599
-3.33626269
-2.940436198
-2.526834809
-2.152381716
-1.712581592
-1.318255983
-0.8877306738
-0.4575760792
-0.0463704221
0.3600637182
0.7868328083
1.268396162
1.604334953
2.119373424
2.435555549
2.967627338
3.177451081
3.774059177
4.011756367
4.715213085
4.773208989
5.494039936
5.372237901
6.523022437
6.221535246
7.088855365
6.395542057
8.317261776
7.360620495
8.331222738
6.755881154
9.998369639
7.986269196
9.022393642
-86.59321789
11.39216275
-86.59321789
-86.59321789
-86.59321789
12.14133075
