13.29296891
14.28624673
15.50969194
16.65354867
17.74357614
18.75160931
19.70747889
20.57918203
21.40844989
22.15157353
22.82278519
23.43017564
23.99234987
24.46964243
24.88650756
25.22021154
25.52348596
25.73958712
25.88025148
25.96981944
26.00521784
25.94812338
25.83855605
25.66965808
25.44003101
25.14487054
24.79127502
24.36140194
23.88776321
23.3332794
22.73252501
22.07042657
21.35030905
20.56935508
19.74749346
18.85072498
17.92088017
16.92025555
15.88507604
14.78013494
13.63861596
12.45789776
11.21362255
9.946968443
8.63797541
7.275150286
5.891187813
4.462897316
3.01556973
1.553689451
0.06266565695
-1.431778888
-2.912267883
-4.392755183
-5.844525266
-7.245281979
-8.589093601
-9.849781191
-11.03625666
-12.12385816
-13.12956718
-14.05613919
-14.91966397
-15.71556067
-16.46003706
-17.13959363
-17.76611766
-18.34394768
-18.85893542
-19.30987462
-19.73362466
-20.07135272
-20.38119199
-20.64643663
-20.88571539
-21.09080856
-21.27943281
-21.45638745
-21.60715068
-21.74679589
-21.88731005
-22.01220221
-22.14613832
-22.25463322
-22.35570568
-22.45511603
-22.54644521
-22.62597033
-22.69703456
-22.75876378
-22.81304311
-22.86390117
-22.90457854
-22.92792582
-22.94733646
-22.93587068
-22.93708333
-22.88529162
-22.83766439
-22.74223065
-22.64595325
-22.52250371
-22.3630418
-22.17645177
-21.96256104
-21.72959438
-21.45162361
-21.15940424
-20.83047275
-20.48016572
-20.11803611
-19.7059392
-19.30504714
-18.86263296
-18.3814705
-17.8987508
-17.38976765
-16.85884834
-16.32059131
-15.75981346
-15.18137926
-14.56784696
-13.93305098
-13.28439814
-12.62317239
-11.9229648
-11.21897895
-10.48527894
-9.730814372
-8.961236854
-8.16769487
-7.349852947
-6.504774946
-5.657274846
-4.777403519
-3.903604721
-2.98474742
-2.048171586
-1.115677353
-0.1344294085
0.8313897729
1.839494251
2.847096742
3.861715989
4.896515493
5.946353152
7.005974393
8.068218753
9.134684925
10.20010842
11.26623294
12.33744815
13.40115947
14.45037302
15.48991548
16.50701229
17.52459229
18.50444335
19.45650044
20.39874832
21.28106077
22.12964689
22.90819447
23.64087884
24.30006118
24.8659176
25.32842205
25.63535571
25.76899567
25.71713549
25.42209838
24.64511619
