12.76432993
-73.64178325
12.5546725
13.13064752
13.6017515
14.14908709
14.60830494
15.00636631
15.43524106
15.86725704
16.20793359
16.55243192
16.90824363
17.21233546
17.4609231
17.68530627
17.93578272
18.18121432
18.29648468
18.43911267
18.60466124
18.6592367
18.76347313
18.80690996
18.83197445
18.82807311
18.8579815
18.76558659
18.69349978
18.58329138
18.52727961
18.40153145
18.18802117
17.99079733
17.84449118
17.51228606
17.29834073
16.99196461
16.71581948
16.39787596
16.04202896
15.69319598
15.29346714
14.85324939
14.410683
13.97065409
13.4931727
12.99132989
12.44110397
11.91682255
11.37442043
10.79532975
10.2052445
9.627893289
8.973771725
8.363213845
7.706298829
7.022306117
6.344925329
5.615150407
4.916790291
4.174794278
3.452356826
2.70453967
1.984543507
1.219157823
0.491693799
-0.260956361
-1.051409064
-1.766562708
-2.5538857
-3.28065551
-4.04246122
-4.701342638
-5.395684504
-6.057297098
-6.68812517
-7.356145683
-7.928194224
-8.456480953
-9.006844414
-9.492784374
-9.956363674
-10.41282403
-10.78577884
-11.18383661
-11.57015748
-11.8434912
-12.22851607
-12.46268555
-12.74546011
-12.98841588
-13.30639532
-13.49616861
-13.71336517
-13.93767802
-14.08652797
-14.21451253
-14.42060998
-14.51956509
-14.69165494
-14.78913809
-14.90789637
-15.03717661
-15.08864018
-15.20790478
-15.28353548
-15.42990566
-15.43813672
-15.54794075
-15.61317301
-15.63559271
-15.70708785
-15.73776089
-15.77559205
-15.79832959
-15.83919201
-15.82749403
-15.88599642
-15.83624356
-15.87100878
-15.88504037
-15.84435179
-15.83306814
-15.8469023
-15.76698917
-15.76148705
-15.75048512
-15.65979615
-15.60208888
-15.55863443
-15.50060157
-15.38897794
-15.30602658
-15.1328692
-15.07569784
-14.95117861
-14.86661015
-14.68296305
-14.54911823
-14.34891463
-14.24181318
-13.98135779
-13.80249017
-13.59826255
-13.40245648
-13.20078459
-12.97909915
-12.72672219
-12.50569076
-12.21365789
-11.93807573
-11.67895811
-11.35515914
-11.07188336
-10.77022132
-10.46180301
-10.23942915
-9.834574658
-9.535719298
-9.195218957
-8.869149539
-8.447988102
-8.124290043
-7.784955069
-7.348088316
-7.0042596
-6.604717979
-6.212696228
-5.793440462
-5.370050173
-4.936789874
-4.505685517
-4.036518356
-3.65587757
-3.177568243
-2.768747793
-2.322686811
-1.836566465
-1.329432464
-0.872322523
-0.4011708202
0.09445061089
0.6166908719
1.070165666
1.606814157
2.085028716
2.637410718
3.184987923
3.592042483
4.21095075
4.685373463
5.248785957
5.782338707
6.345350134
6.831685131
7.344067551
7.860586317
8.38913084
8.92647557
9.480461852
9.979357464
10.53954998
11.03868306
11.55022991
12.05471443
12.59429083
13.06688197
13.5633336
14.02404312
14.5175009
14.99017776
15.45791244
15.91747591
16.31656817
16.7406923
17.11619058
17.46858494
17.8629547
18.11772892
18.54454739
18.53248271
19.11372343
18.6017805
19.54478828
18.12241266
19.65839421
-73.64178325
19.22587199
