-76.09938253
-75.46228586
-73.05322168
-70.95589775
-68.8711509
-66.79378294
-64.73026715
-62.68422089
-60.64342992
-58.62106495
-56.60857877
-54.61043024
-52.62091872
-50.64729209
-48.68659267
-46.73567562
-44.80124038
-42.8788861
-40.96490536
-39.06770067
-37.18168367
-35.30833409
-33.44560799
-31.59977861
-29.76492798
-27.93791963
-26.13012404
-24.33437519
-22.54666869
-20.77646447
-19.00938513
-17.26830829
-15.53109997
-13.80665357
-12.10023085
-10.40078446
-8.716222482
-7.043790661
-5.383599618
-3.740758699
-2.103214897
-0.4829430838
1.125333575
2.725119759
4.309282233
5.879395577
7.438594496
8.981007194
10.51423467
12.03573558
13.54715482
15.04011521
16.5276746
17.99503219
19.45026399
20.89840738
22.32758909
23.75355941
25.159092
26.54818427
27.93463767
29.30127491
30.66027911
32.00435953
33.33626465
34.65580595
35.95899998
37.25474038
38.53508078
39.80459844
41.06102105
42.30241962
43.53668023
44.75096489
45.95871223
47.15374108
48.33421959
49.50111725
50.65420743
51.79468686
52.93152686
54.04754012
55.15195208
56.23715592
57.3225154
58.38876265
59.44334817
60.48689235
61.51673027
62.53150094
63.53721363
64.53114249
65.51064071
66.47293248
67.42994803
68.36859049
69.29844817
70.21730145
71.12155475
72.01256194
72.89027429
73.75827289
74.61175687
75.45225464
76.28358151
77.09911281
77.90021725
78.69056339
79.47003894
80.23587258
80.98997874
81.73239581
82.46135579
83.17582222
83.88200833
84.57536097
85.25402703
85.91602428
86.57178272
87.21550063
87.84248357
88.4585127
89.06591347
89.65684303
90.23660627
90.80444381
91.36006531
91.89999565
92.43216816
92.94649874
93.45397468
93.94635443
94.4237763
94.89224306
95.35017874
95.790575
96.22275481
96.64644202
97.05306956
97.44297088
97.8247427
98.19974924
98.55739422
98.89859919
99.2314387
99.55658537
99.85877222
100.1580689
100.4414994
100.7196586
100.9748198
101.2200014
101.4555864
101.6824013
101.8955177
102.0889381
102.2832441
102.4557499
102.6196501
102.7682443
102.9090416
103.0345099
103.1495685
103.2493556
103.3405962
103.4204292
103.4871645
103.5404679
103.5836645
103.6140377
103.6313908
103.6404443
103.6366976
103.6191585
103.5902568
103.5507623
103.4962538
103.4339727
103.3578081
103.273848
103.1733489
103.0624472
102.9407416
102.8061003
102.6643035
102.5003438
102.3357932
102.1516379
101.9639306
101.7571362
101.53995
101.315392
101.0780575
100.8241281
100.5642167
100.290529
100.008061
99.71025885
99.40412373
99.08448856
98.7539774
98.41500096
98.06330305
97.70043451
97.32414362
96.93995387
96.54155536
96.1346597
95.71531291
95.28137566
94.84109667
94.3876489
93.92543422
93.4481728
92.96564559
92.47180545
91.96133701
91.44212361
90.9176887
90.37502434
89.82210129
89.262282
88.69040151
88.11017168
87.51202016
86.9131032
86.3003016
85.67233493
85.04102458
84.39288057
83.73403156
83.06690131
82.39547563
81.70782498
81.00862219
80.29862735
79.5840811
78.85555085
78.11830281
77.37267747
76.60837649
75.84204958
75.06250738
74.27480222
73.47319968
72.66932745
71.8506357
71.02269866
70.18457276
69.33855982
68.48092404
67.61565539
66.73633173
65.8558343
64.95625054
64.05113794
63.13650719
62.21392217
61.28327925
60.34114338
59.39349451
58.43227695
57.46555535
56.49261139
55.50392922
54.50709521
53.50602711
52.48722449
51.47443502
50.44398145
49.40991807
48.35909652
47.30821985
46.24195551
45.16653547
44.09690595
43.00388645
41.90852083
40.80410841
39.69295571
38.57497893
37.44757387
36.31237598
35.16856692
34.02106013
32.86289162
31.69679147
30.52681126
29.34860748
28.16033268
26.96924466
25.76268507
24.5638245
23.3497885
22.12993134
20.9046972
19.67206415
18.43269987
17.18765061
15.93705761
14.68445436
13.42302007
12.15933004
10.88715794
9.6099173
8.330916966
7.051078287
5.76756437
4.480076828
3.190917594
1.898616679
0.6111679185
-0.6796320693
-1.960692266
-3.231574982
-4.500487097
-5.752509342
-6.985116265
-8.185737529
-9.354896713
-10.48336734
-11.57161248
-12.60594935
-13.59196001
-14.52830571
-15.415793
-16.26984317
-17.09332066
-17.88053615
-18.63871975
-19.38199259
-20.10513223
-20.80927159
-21.50082393
-22.18389628
-22.84943828
-23.51654625
-24.16914005
-24.8165507
-25.45542918
-26.09268553
-26.72679027
-27.34624035
-27.96966984
-28.58409164
-29.19912819
-29.80511234
-30.41024642
-31.01411378
-31.60704773
-32.20574296
-32.80184367
-33.38630782
-33.97363861
-34.55487438
-35.13452196
-35.71288934
-36.28931177
-36.85849382
-37.43040256
-37.99510042
-38.55838364
-39.11659154
-39.68421165
-40.23473604
-40.7945234
-41.34420051
-41.89529676
-42.43641852
-42.98595131
-43.52875816
-44.07020543
-44.60893134
-45.14472636
-45.6790805
-46.21116387
-46.73998911
-47.27086781
-47.79649883
-48.31907594
-48.84149253
-49.36063345
-49.87879249
-50.39076943
-50.90310028
-51.41176109
-51.91893752
-52.42180869
-52.92446609
-53.42238093
-53.92220747
-54.41333349
-54.89986693
-55.38413619
-55.85955266
-56.33701612
-56.80004705
-57.26586042
-57.70319005
-58.1446653
-58.55691742
-58.95086909
-59.32172143
-59.66219875
-59.96584107
-60.23508715
-60.46591807
-60.66338413
-60.82627823
-60.96858304
-61.09014214
-61.18930024
-61.27979432
-61.35666306
-61.42653505
-61.49345703
-61.55417542
-61.61421547
-61.66971573
-61.72865662
-61.7818334
-61.83067665
-61.88662186
-61.93490754
-61.98479255
-62.03995089
-62.08775639
-62.13804353
-62.18655652
-62.23596925
-62.28618241
-62.33490629
-62.38699279
-62.43111719
-62.48351031
-62.53199388
-62.57624736
-62.6301721
-62.67339403
-62.72426962
-62.76903713
-62.82138541
-62.87177822
-62.91874135
-62.96670823
-63.01558129
-63.05821914
-63.11119622
-63.15946052
-63.20624989
-63.25536763
-63.30151105
-63.35328147
-63.39915164
-63.44581362
-63.49755999
-63.54358623
-63.59081993
-63.64309329
-63.68884436
-63.73926086
-63.7867001
-63.83474982
-63.88709728
-63.93360416
-63.98273776
-64.03491826
-64.07746977
-64.12670241
-64.1789846
-64.22469242
-64.27447958
-64.32436498
-64.37133588
-64.41791662
-64.46537959
-64.51610547
-64.56425584
-64.61389438
-64.65919785
-64.70937888
-64.75933009
-64.80937349
-64.85795794
-64.90340685
-64.95571352
-65.00619804
-65.05069091
-65.10164314
-65.14636442
-65.19610596
-65.24766738
-65.29601898
-65.34540256
-65.39453232
-65.4391293
-65.48688148
-65.53750211
-65.58647642
-65.63756937
-65.68422559
-65.73144561
-65.77960206
-65.82797679
-65.87530504
-65.920427
-65.97506004
-66.02093063
-66.06829011
-66.11631561
-66.16110711
-66.2127489
-66.26196598
-66.30507024
-66.35413566
-66.40465584
-66.45271336
-66.50106989
-66.54470625
-66.59444922
-66.63954454
-66.68824669
-66.7390164
-66.78867373
-66.83131524
-66.88459168
-66.92567558
-66.9743875
-67.02183135
-67.07162775
-67.11954185
-67.1659304
-67.21772269
-67.26061877
-67.30736406
-67.35885879
-67.40655456
-67.4564614
-67.50527976
-67.55209638
-67.60030261
-67.64423036
-67.69526869
-67.74296318
-67.79226669
-67.83803072
-67.88580278
-67.93551073
-67.97721264
-68.03074494
-68.07504645
-68.12101518
-68.16658243
-68.21428388
-68.26156975
-68.31361041
-68.35947083
-68.40664882
-68.45509438
-68.4948505
-68.54862305
-68.59215206
-68.64020708
-68.68862323
-68.73400359
-68.78121823
-68.83010497
-68.87652689
-68.92370533
-68.97385748
-69.01929886
-69.06192206
-69.11439495
-69.15966533
-69.20396811
-69.25387571
-69.29785566
-69.34339588
-69.39094858
-69.43980023
-69.48508851
-69.53016666
-69.57923569
-69.62673399
-69.66580284
-69.71737206
-69.76435264
-69.80868421
-69.85493578
-69.90010795
-69.94726993
-69.99157484
-70.03540252
-70.08530114
-70.12909288
-70.17467786
-70.2187703
-70.26268862
-70.3128797
-70.35747669
-70.40255854
-70.44175821
-70.4886257
-70.53262407
-70.57966015
-70.62255666
-70.66949921
-70.71375738
-70.75394364
-70.79813653
-70.84397544
-70.88766951
-70.92741536
-70.97420605
-71.01906781
-71.06054571
-71.10839724
-71.14573053
-71.18716447
-71.23190697
-71.27283367
-71.31131793
-71.35610688
-71.39298175
-71.43382485
-71.47634452
-71.51159619
-71.54963868
-71.59167251
-71.63099027
-71.66421772
-71.69837588
-71.73716032
-71.77638913
-71.8175724
-71.84881533
-71.88337784
-71.91507962
-71.94699707
-71.98112435
-72.0122669
-72.04345709
-72.07503651
-72.10092114
-72.12559196
-72.15091698
-72.17211662
-72.19185608
-72.20907488
-72.22462688
-72.23283266
-72.23758331
-72.23442686
-72.22152207
-72.20230699
-72.17191516
-72.1249727
-72.05937391
-71.9817219
-71.88261082
-71.75771273
-71.61194042
-71.44294691
-71.24840986
-71.03895401
-70.80791049
-70.56281298
-70.29834664
-70.02737287
-69.74352743
-69.45375978
-69.15746434
-68.85128197
-68.5447766
-68.23541522
-67.91943197
-67.60283794
-67.28643111
-66.96283573
-66.64417774
-66.31695442
-65.99166667
-65.66268846
-65.33465338
-65.00568514
-64.67334106
-64.34170569
-64.01091638
-63.6721539
-63.34139942
-62.99876006
-62.66616075
-62.32343388
-61.98528447
-61.64219871
-61.29823073
-60.95793489
-60.61443256
-60.27243254
-59.92466594
-59.57711954
-59.22785298
-58.88063203
-58.53372481
-58.18280807
-57.82764873
-57.47871246
-57.12015217
-56.77044746
-56.41106858
-56.05483595
-55.70008186
-55.34022837
-54.97684824
-54.61740443
-54.25549948
-53.89412209
-53.53088402
-53.16234656
-52.80049239
-52.43360405
-52.06301079
-51.69278253
-51.32111769
-50.95120667
-50.57707278
-50.19753223
-49.8266488
-49.45014081
-49.069633
-48.69189616
-48.31181725
-47.92496019
-47.54321485
-47.15522024
-46.77045587
-46.38504197
-45.99930303
-45.6053997
-45.21652189
-44.8245975
-44.4265902
-44.03511454
-43.63866976
-43.24048491
-42.84011059
-42.44097527
-42.03122594
-41.62581788
-41.22278055
-40.81070674
-40.40251528
-39.98955781
-39.5732811
-39.15919105
-38.74242035
-38.31773394
-37.89584521
-37.47053234
-37.04329554
-36.6098274
-36.17611781
-35.73784444
-35.29823078
-34.85355582
-34.40286227
-33.95626912
-33.49872257
-33.03580007
-32.57172912
-32.10070403
-31.6258063
-31.14608439
-30.66137875
-30.16679938
-29.66626923
-29.1612998
-28.65324345
-28.13295578
-27.60785541
-27.08341243
-26.54532778
-26.00389207
-25.45572581
-24.90137545
-24.34338272
-23.7761345
-23.20732821
-22.63254907
-22.05486885
-21.47518324
-20.88343715
-20.28987365
-19.69849188
-19.09675925
-18.49465928
-17.88478357
-17.27951454
-16.66485463
-16.0511647
-15.43547631
-14.81747519
-14.19102621
-13.56497168
-12.94087714
-12.30824655
-11.67396105
-11.03900237
-10.40161379
-9.76035754
-9.115145974
-8.477873881
-7.825959713
-7.177343669
-6.526929808
-5.87289956
-5.215547918
-4.555059153
-3.896406013
-3.234776913
-2.570509918
-1.902772686
-1.231756257
-0.5623501404
0.1189692172
0.7944350115
1.472161737
2.150062587
2.839397827
3.525239157
4.214323519
4.908681816
5.606581866
6.304844086
7.001111668
7.706676268
8.415485754
9.122568911
9.8394793
10.55505908
11.27546627
12.00020391
12.72178494
13.45481294
14.18699095
14.92408903
15.66722206
16.41128534
17.15787899
17.91179682
18.66922626
19.42985851
20.19818448
20.96427301
21.73892817
22.52413958
23.30581798
24.09941664
24.89301694
25.6995076
26.51251769
27.33267359
28.15694566
28.99868549
29.84312464
30.69280369
31.56018847
32.43933018
33.32786513
34.2302511
35.14824815
36.07448204
37.01651431
37.97567325
38.94258227
39.92357552
40.92144254
41.92700498
42.94096343
43.96194814
44.98891976
46.02655073
47.06762368
48.11220675
49.16059495
50.21323681
51.26255159
52.31655421
53.3693827
54.42269108
55.47330876
56.52336238
57.57062563
58.61569737
59.66044336
60.69718272
61.7363287
62.76221631
63.79231953
64.81524337
65.83699602
66.84639629
67.85539836
68.86472914
69.85702917
70.84291247
71.82615667
72.80346747
73.77218667
74.73344316
75.68842334
76.63304361
77.57256938
78.49755429
79.4146831
80.33030032
81.22856811
82.1211284
83.00531865
83.86921201
84.7327194
85.578041
86.41016711
87.23465633
88.04334044
88.84342868
89.6260979
90.3922131
91.14649594
91.88586286
92.60713574
93.3162291
94.0009682
94.67150368
95.32584038
95.95691901
96.5722588
97.16218306
97.73263957
98.28120384
98.80513456
99.30294944
99.77573456
100.219233
100.6362962
101.0212448
101.378889
101.7015588
101.9853082
102.2335567
102.4461691
102.6118222
102.7316815
102.8047698
102.8237442
102.7851026
102.6871579
102.52255
102.28249
101.9650843
101.5534048
101.045883
100.4286185
99.67936522
98.78967718
97.70890657
96.39078679
94.71795215
92.39143889
